Cluster 0:
    580877520
Cluster 1:
    2339982931
    920831234
    107553466
    112099129
    561340826
    346034361
    109338794
    445045537
    3016756918
    623563747
    29551004
    1101799194
    2353939829
Cluster 2:
    2759724516
Cluster 3:
    2971654348
Cluster 4:
    1399462716
Cluster 5:
    2222735785
Cluster 6:
    2746510296
Cluster 7:
    4092529516
Cluster 8:
    2817763718
Cluster 9:
    227410188
Cluster 10:
    2394808123
Cluster 11:
    1389677893
Cluster 12:
    3066745659
Cluster 13:
    2506642802
Cluster 14:
    110777636
Cluster 15:
    355126479
    97205899
    344386790
    296846406
    417303815
    146568544
    1189638595
    154430919
    123360055
Cluster 16:
    2305222610
Cluster 17:
    2674029744
Cluster 18:
    1632358627
Cluster 19:
    3035054175
Cluster 20:
    2476780904
Cluster 21:
    2402197759
Cluster 22:
    2415256361
Cluster 23:
    4266209961
Cluster 24:
    617434820
Cluster 25:
    4294778597
Cluster 26:
    1382915934
Cluster 27:
    2207431112
Cluster 28:
    2367609026
Cluster 29:
    513043587
Cluster 30:
    2904388450
    3021367467
    309177332
    2906982575
    4004398413
    154084165
    3854926049
    161264571
    2683991356
    839415212
    730864885
    2901395277
    394607484
    1405181269
    374777888
    2903955478
    266708905
    2944380851
    768390758
    1954078459
    2918520521
    3331304141
    2307368367
    284197419
    1527599071
    2262836194
    3299747698
    2584201590
    124713317
    3207567496
    2722068789
    2284206822
    197763031
    2651603614
    2910909909
    3056563177
    2880935175
    4256729247
    2852439262
    163938790
    3667127057
    2774614522
    15131310
    2974873654
    3447047295
    2515261112
    605171429
    362394702
    320588531
    3927570922
    3381193702
    2612661044
    2544726052
    212266969
    3384353662
    2587504849
    1600671698
    3296824013
    2258830826
    253225757
    182954727
    352542471
    353618862
    2653406748
    67630254
    3843135028
    99130820
    3292706601
    113318393
    35537333
    38653125
    3070575089
    2405756987
    602089864
    328031624
    1552546122
    2921467175
    871837513
    2959889488
    3803930957
    324492559
    3309757503
    2907412119
    861823069
    1460477923
    191956549
    202759488
    4096759101
    453083445
    3897637517
    205728611
    403256111
    167823613
    294610959
    3183051028
    170327826
    3213143021
    93176380
    1924609159
    1445957293
    2942254602
    252679887
    2207196662
    306928228
    65758383
    1277105688
    570336492
    3236279352
    1568547182
    2399950963
    745158001
    352266579
    4421397923
    238113782
    4089560968
    3300297072
    176409205
    2212249558
    3408456627
    159841295
    3353532987
    3634049901
    2299117135
    3404898406
    2176625795
    1409568505
    866140447
    2841387832
    2993333110
    618553926
    143182913
    1251970514
    2809419128
    3092798447
    108245870
    3688856835
    2201958762
    609587253
    3239504860
    247355294
    1538867036
    2980213979
    3022806693
    176082679
    3436727907
    207975177
    2984193129
    794310098
    344954389
    4083885437
    480419061
    54206223
    4309512207
    3075976480
    2402181889
    2595471644
    20594031
    3299749456
    205164568
    714431426
    1490000094
    2391404364
    618064208
    409893582
    2971230436
    355132476
    2211142867
    2826432385
    90381036
    2466524749
    1629146268
    2870248607
    3305394234
    1583545112
    1453298005
    3075367833
    136590261
    3310317899
    2758083826
    294490539
    175363577
    581807102
    951528307
    4344082955
    941390754
    315367295
    3398726212
    324481046
    455747428
    3238375767
    5815822
    211684261
    902395184
    2427709196
    3242070187
    145746622
    2593812878
    2585897683
    83879550
    3372023555
    2201968153
    2760717842
    815883512
    551000720
    541117972
    2194625868
    2874922126
    932975768
    271910789
    352606138
    526078081
    2242382869
    238745148
    3177971489
    1575277452
    1346957852
    3291590500
    2753257198
    2989893166
    3376606954
    982393104
    165442988
    601235850
    287212249
    3207368289
    160844014
    415745334
    2742876387
    413233334
    2666037986
    2527742735
    308139261
    2972156692
    4339708273
    3090070471
    3165994581
    3364979457
    593927371
    2188946008
    3201868810
    598514841
    187027543
    4053951862
    2609005827
    2669655925
    3216039041
    169634370
    176519711
    1626413712
    3295448932
    45498787
    2296794494
    1275518581
    3672493996
    3405541444
    173803735
    254973283
    27120158
    185198482
    2732931844
    3024681977
    856407055
    2206811889
    1454783936
    547004285
    216878067
    2821121795
    42435705
    473821966
    166733736
    1172753810
    541916026
    194225721
    1028973362
    2801681222
    271019453
    3197954688
    4127901401
    3383776695
    97885430
    3125353127
    396166896
    28075747
    363149470
    2806378615
    100732592
    2803203284
    1592743862
    321869145
    479062066
    2411326717
    2147725387
    2267875796
    3376823135
    2645328590
    338562140
    2301981294
    377006158
    1070929081
    124809546
    260523380
    1382481235
    4402177947
    160883616
    448204426
    4348159287
    2353939545
    2438745350
    178363000
    2883838355
    2973448738
    2482005667
    339589927
    303331737
    155890052
    3547336517
    2204979137
    704790632
    283447232
    358819747
    130933162
    557230852
    1969767608
    1445912359
    191084990
    335160704
    447208948
    1487177491
    281004294
    1548980108
    3064390415
    4174104171
    217882757
    2233394754
    593693019
    296862254
    509025391
    345841491
    188270627
    2982954179
    1432319040
    2901287428
    82888698
    1958800195
    110265883
    1334598619
    2786021422
    2540481647
    3891461764
    294228940
    807009151
    2482725231
    259311273
    624002492
    92833452
    107339529
    4394033303
    3217826740
    2877030546
    10500282
    2944942259
    106538115
    2853570946
    317997418
    1891195981
    499069217
    3015136905
    3188256308
    488836882
    3133919159
    3396261353
    3619678515
    2569481602
    2255151371
    608855770
    581283927
    4354274895
    857716410
    1681742923
    3084967558
    3104051141
    2952941259
    3201192562
    2724442805
    2478706106
    389598998
    39031080
    1481901013
    1233934704
    1604698963
    2592932847
    533416328
    2537876150
    2462312177
    53205042
    751247383
    837501132
    359041238
    172749046
    3253268878
    3100123060
    2768219613
    113396696
    324825066
    2162514709
    598342381
    20021607
    2161812136
    2946439659
    1659970615
    786809167
    3410111453
    4194943792
    537296065
    2617520341
    1682111138
    2279598097
    3352631230
    2228359689
    329610372
    2321250642
    565706837
    238222108
    2362612702
    371370832
    468476309
    2458412281
    2790995459
    270461337
    2435726677
    4121933176
    4355289683
    507874913
    2966307604
    535783541
    558216333
    1512853729
    394879678
    286123711
    2417412960
    161269371
    2222867019
    2488556646
    385830329
    106526149
    131874103
    3351908087
    4126631601
    3428294218
    2767669272
    2997826481
    3277225658
    635397213
    2681185677
    2217368136
    2892391985
    852929497
    2999509744
    186282938
    3199204961
    485833580
    3014561440
    3031118640
    1498240076
    290468553
    591779388
    3227019241
    226231537
    1558344505
    220331930
    1574074164
    3148579512
    3410613563
    3301958062
    2175795231
    273993679
    2875081509
    111071977
    970146745
    2635498745
    2595175385
    21046648
    3014689979
    744824006
    1916934716
    1566598190
    4403560157
    3319720085
    1850725560
    2570685350
    1506066152
    4120027961
    1377256711
    2794486328
    331609617
    3943565055
    1123320474
    4340491823
    153966123
    1528879980
    362973608
    301074582
    293181094
    2869639326
    369168561
    408434373
    4342116329
    1891143007
    3231435423
    2256853088
    437546320
    845083844
    777994016
    111592327
    3907440382
    845897750
    963978192
    2383269806
    413213719
    450800173
    798969428
    3077468145
    4311465678
    2938321012
    631026976
    3336666322
    272070640
    3235788747
    1013577840
    2607744985
    2364464834
    301985740
    545918705
    1546610773
    3171018999
    2551004106
    627477758
    250171924
    702853498
    4179020842
    252670510
    4393575688
    2528252452
    2623405089
    724246668
    1653676969
    330239523
    542696173
    3346413173
    387806203
    2195685213
    476252905
    3137368605
    1676602884
    99133050
    3196220603
    3322072421
    1657654976
    245257064
    79169235
    2966123140
    3426633641
    1532185088
    161656216
    179502329
    4234776208
    3491587943
    1575704058
    1242259254
    2260618986
    294786344
    483353867
    520561842
    87280092
    3758960895
    2620191671
    2549976830
    222463496
    2611441944
    2205376903
    202658690
    1127851291
    2259183978
    190229122
    3235303661
    186409908
    1680607602
    3917964508
    313378228
    180089251
    601076740
    489678990
    112006770
    2677973076
    3869771663
    290900427
    1874865715
    2988667449
    260198092
    107508974
    2189473083
    493997172
    405728158
    589957165
    2859075250
    2877274679
    3303742661
    2593298618
    262666316
    2960645914
    1452462624
    1324206068
    1038165433
    518973405
    478636647
    3305510985
    1183657676
    1521972223
    360017234
    526531762
    2504392705
    2597448033
    2271669558
    259701093
    2971186659
    734813461
    1971675356
    2972563905
    4415961988
    2228876561
    2424592863
    1069528064
    2877161810
    1201868720
    1583409176
    2926823673
    546384330
    3096967137
    250671466
    4395516051
    360823456
    2930437397
    15043081
    1642304192
    3910056855
    89395914
    246500892
    257138918
    1958948407
    212136838
    925595678
    2519643641
    1173033997
    461380449
    2744408688
    294310146
    2341642197
    3082274203
    1618438892
    2748336544
    68711224
    4288749029
    464952433
    1133894918
    320253926
    2998189882
    2328777800
    3221278173
    33647270
    96761383
    336059400
    599118102
    156292689
    195248271
    3576148761
    2879854458
    603247428
    2934973534
    2986125509
    343999445
    2917673555
    1139800824
    3407640851
    3927549485
    3119710485
    613081551
    3168617110
    3352582606
    262214126
    2168629093
    440006978
    1556647004
    61759478
    2867074273
    21467773
    617591433
    2955261947
    457804992
    845218478
    1730916492
    2203497569
    63449806
    493976290
    2815277858
    2786991799
    1551222414
    382112933
    3179150776
    2302832714
    3361183864
    2927241663
    2814827618
    3481635555
    306334226
    3601759275
    165721842
    225031065
    1721454476
    400664492
    2957104721
    1073702852
    2611236862
    4095457539
    550904144
    3569238261
    2158684107
    3366933808
    3806597595
    2349434241
    2682082202
    84298082
    72111322
    2725663055
    257216039
    22250153
    815587315
    105153641
    1666455732
    2972118200
    3224466069
    115430083
    1176663871
    14368523
    3340073601
    3300777063
    474936393
    181124948
    2874258073
    789937777
    4178929701
    568841990
    2960075291
    2559445912
    195690637
    261567507
    1939033904
    2426216816
    524278158
    184849717
    2273658365
    2894978451
    2954799555
    172277441
    284152420
    360614701
    3058104460
    3325470935
    2634846059
    2868096181
    1154490709
    2436838052
    600418111
    426642471
    2969874177
    2919536871
    2607298292
    169864518
    1152443839
    968624460
    2580665439
    2164754251
    410146116
    860295026
    721732010
    3350707371
    2798477667
    2921725977
    2885664784
    2711483825
    448326981
    4319906253
    266119786
    881016150
    2198286958
    275203895
    192171601
    818970716
    2915401799
    1241973624
    190986620
    279851453
    330481671
    541838728
    135210318
    3204924898
    270574722
    3236394221
    119693452
    3410248804
    2535245560
    3153848183
    1828697689
    3315487068
    2772495927
    556120698
    3385881161
    1593961273
    2589282207
    4396080076
    2643888140
    1482386144
    374698659
    613958784
    405435297
    361016591
    150307527
    3976243948
    733899134
    557282181
    3370379495
    633035311
    3221179329
    2862055177
    329656644
    1478600533
    269886286
    3366537226
    243272356
    3009381618
    2722092348
    2279239798
    397476694
    3074256909
    324862768
    2398357014
    2416594310
    3609560356
    946175460
    1290916538
    3188523203
    2879963656
    4113024593
    171582287
    4379573832
    1602854515
    2580975799
    322689619
    3854230277
    2989391783
    3227563521
    363073087
    3071667634
    248604331
    3031734670
    722695428
    983537420
    2227103071
    387211173
    849706184
    3038986893
    2436176102
    265925132
    3247961866
    221005474
    440287371
    327268855
    793724874
    522581797
    3297740414
    1299624462
    4259456577
    559947297
    3424749095
    4121658773
    3988450037
    3929267897
    1638757411
    2532725314
    3555968003
    2729160807
    358712844
    2370727285
    293609196
    1956342997
    2900361317
    2793771118
    2577005886
    2889499997
    2876536233
    1164308760
    2814294546
    2903604785
    2291058889
    36922128
    3158202804
    1474876902
    1086811339
    1543730304
    2203595118
    3381473218
    929942766
    4242642923
    3015647955
    3296203461
    1048237532
    604597328
    2182438333
    2915645675
    109206227
    3792948677
    3254639361
    120556748
    2983758593
    2850138503
    2283778010
    294108355
    3982075588
    3289877950
    184342710
    1421927474
    30072300
    1012831758
    735384229
    1944173060
    1178393665
    343567860
    2973829570
    1212065996
    2973132551
    1638947900
    1978170564
    3010269143
    257130309
    186752732
    396996761
    1085441888
    2417788851
    2257972909
    384789853
    4144717696
    3326878135
    3400880201
    3058418768
    2972067815
    3666949522
    589798141
    256200684
    19096593
    636105216
    410226727
    1334809460
    3342796864
    2749387965
    1083736975
    733726543
    1891644726
    2325175862
    249057768
    2864478459
    2189135732
    185119542
    336102847
    2872795786
    1479316092
    934952868
    172493305
    212521191
    225471258
    4407140722
    1060274760
    2171313183
    92072854
    1299723656
    3364445830
    2961880467
    3202474484
    3046487787
    4149616751
    268879260
    404702346
    792515671
    1436607174
    3073369823
    2851126942
    1394850595
    3252977292
    3332800690
    2749525254
    84085726
    368896805
    1462300171
    3396376887
    2359574409
    252824298
    3349946002
    1704491178
    203547578
    4162923255
    173473608
    3007694934
    2696016789
    955444236
    3242121304
    321462288
    123040337
    260196334
    3299328561
    94900489
    3356665432
    4359096493
    572514262
    3859757662
    3350427713
    592721016
    1658174167
    2970507340
    526592012
    2938305713
    246546000
    388520623
    2865312922
    1478275850
    3298395233
    39528509
    3417383351
    724678592
    74918716
    144952188
    2204866321
    395922044
    1898242392
    2364120360
    1248544003
    3305341617
    1405620542
    321233421
    1280275940
    2934331917
    3295291143
    119702027
    180095201
    1158018799
    4343539847
    2982943385
    64302990
    2863352698
    3419449083
    1676931132
    2579261401
    3402683925
    1003272426
    2940842824
    390689039
    3305340315
    2721818763
    2243998844
    943321104
    3305342979
    1121668507
    700832917
    3239482828
    2457751024
    701183472
    331045747
    2585655216
    145956626
    3901761317
    826821032
    1667618274
    3075236333
    3210026955
    421409560
    2793916223
    3329063249
    1201554025
    375646171
    287912367
    603995001
    1519930118
    2170912626
    2936676509
    3059402362
    3013183803
    3357780340
    2991089031
    1827888775
    2573626537
    1134862117
    3303139943
    2250546917
    3307911436
    1319211469
    2823494231
    560427111
    2971175259
    2437667588
    591836345
    349804606
    3437105631
    2595490914
    301535434
    474226704
    2420804096
    2813842546
    87758413
    391386863
    2453556907
    3092486757
    382331046
    483087298
    1708283317
    2856789745
    608427390
    1601059020
    146105546
    116903219
    2179780495
    117061432
    2210026657
    2281582142
    3204595006
    3671325737
    351703559
    140010743
    3119346182
    3001220981
    3541767857
    345462319
    70491947
    840436514
    627490863
    333593363
    2829737267
    2455826729
    989283140
    4098207071
    216412163
    2294630574
    3062082561
    3226426499
    20904855
    3169836482
    373419577
    3995750446
    379039402
    3178077785
    548669941
    565898490
    169973677
    507666960
    270413570
    1017721868
    378230993
    271032532
    1556630984
    3439088289
    1573690790
    570232504
    458740353
    4061793257
    2231619675
    2613871658
    1675427124
    2206953942
    2545134549
    1732982630
    2470749889
    770282238
    1709862817
    224657640
    1904791956
    117465987
    584945021
    247858581
    1632426716
    345839304
    2850621228
    1033089822
    3187122243
    861561319
    2252080057
    3035579195
    1532117918
    990472777
    1114864183
    70980738
    299117166
    2252631140
    3143675164
    2969791466
    2865548438
    542809369
    3355188274
    3009733282
    463291534
    2176930934
    618522965
    2686039536
    192852731
    3426033767
    16528347
    63472981
    2721046503
    2629357678
    206328412
    480692353
    149895129
    40198990
    242661021
    2570844205
    2388792566
    587514109
    3334610230
    1306958826
    2305378238
    457734585
    2384890941
    1344779887
    99167160
    4236830901
    988714100
    1328488580
    546910881
    298454183
    3365591519
    497244729
    88005223
    289313287
    4305116235
    2447823313
    874803824
    4110848187
    1492148796
    870653330
    584258560
    2798071436
    67292232
    278035152
    3129769756
    614375664
    1473125502
    286670217
    368865733
    1404985117
    623785901
    939967920
    130007222
    944005086
    3288657123
    590671212
    1593510259
    2991766548
    609052152
    2766434105
    3011885705
    2642237739
    2215975226
    808207723
    2262579225
    716350676
    2802675235
    245865296
    2976976457
    1053528955
    3149037273
    3388875627
    3102226977
    1348854218
    3854431833
    3031541092
    4044863477
    139858307
    2406593252
    533438649
    219781587
    2972067029
    3733584813
    439421464
    2746769953
    618283068
    420462584
    3178129432
    383712466
    3246662629
    625798769
    3342661211
    2825588542
    2823034401
    180535029
    579034808
    1104498763
    379196538
    797049475
    4416569596
    3291648597
    1889319487
    2575258305
    180267455
    172396209
    462295094
    436583494
    3304518382
    2509676766
    633700884
    2216613770
    2881542879
    2953491968
    473235276
    371416528
    3455922795
    922888026
    4034359155
    4061102056
    1586506717
    2256629689
    4037315177
    2589366330
    2443680888
    566041252
    249362285
    3241125327
    92301257
    3374072303
    3428411687
    2195009191
    1291790977
    2707509254
    2851094955
    2798486650
    2325507188
    2598553651
    2935998736
    115652539
    2734702540
    247272326
    431926219
    268204801
    3250131081
    1080376386
    634033514
    2380297590
    3001397516
    2637875704
    2940135502
    3377351452
    374049683
    2250886992
    62806391
    2918350924
    2476544206
    2401895079
    4127812894
    2798511263
    3189846444
    437746797
    4151704755
    224631899
    752248598
    3063265492
    243231881
    533611028
    1681958022
    2734458996
    3335435614
    2852821955
    2443615868
    167397623
    377488143
    1477584895
    187170407
    3376955073
    842395988
    2913383445
    3305553106
    2829678471
    1015254864
    3996059416
    847799665
    1054727900
    1522914000
    113044071
    2965695243
    625809096
    1849038218
    397825348
    1011114235
    1022865048
    1630352034
    3386382005
    222179918
    2539718693
    837591566
    1601501149
    2475570504
    3353048908
    1676825953
    1631400187
    1552781822
    2540661693
    2302814179
    2780864389
    4382339973
    966847855
    3364282143
    1020376273
    341686662
    301486406
    175757634
    22810914
    3906206233
    459261396
    478455159
    58514028
    3912054796
    3216144871
    1731293196
    1193624515
    1512854058
    2156544781
    1523065957
    3247150710
    3236282312
    2233236409
    1364766516
    151889953
    334763592
    24974506
    3368286567
    510542519
    2866151716
    996056562
    591212457
    122947731
    1960964628
    945706214
    513462238
    3147519339
    958315268
    3119437846
    2221229771
    391321773
    310545786
    2173851555
    3423713783
    15908138
    2498808492
    3425721471
    2439522682
    1861356547
    4347836974
    3357767633
    1360538210
    3775926983
    438363786
    302463157
    2996199479
    3136480097
    1627011882
    563046238
    2255527632
    3288909941
    192480771
    2371285371
    1578676824
    701040678
    3406939757
    198988459
    2426972882
    1701802484
    410652889
    2942240261
    2242052052
    3438284025
    101498574
    246299893
    2268673577
    1281004392
    2701915226
    67782721
    3238545742
    97961092
    520696040
    1462746116
    608025848
    3008797551
    1615190527
    1150825910
    168584351
    361457947
    225909947
    1952266610
    3008789944
    724529430
    2615435250
    522549528
    447869002
    2934964481
    1687245769
    2752336899
    4332450867
    304935963
    607512625
    2694892732
    545816118
    2684207603
    3435354545
    2305454990
    4127989295
    4375334789
    2905092267
    1505096454
    169250934
    2941366869
    2929658872
    2258186677
    2396728008
    2711650013
    344786552
    1242084404
    434248146
    3032553637
    2726362402
    1137889903
    432896769
    184823630
    1923758377
    1418000450
    785686112
    1904674266
    1440908094
    71348337
    1488555884
    2790472182
    389078856
    46142925
    4235997227
    623566436
    270549655
    9373752
    1883352842
    728902273
    4307793856
    624776167
    51409258
    722015226
    606998335
    3382810581
    2583036121
    3252360789
    3439844415
    3253647049
    416601529
    625448431
    2822474223
    565293173
    147568282
    178920261
    4316508741
    3376984551
    957440246
    1688109283
    42737135
    195182571
    258454118
    261587004
    617237971
    761274552
    3378494092
    49819652
    1832790354
    3791511735
    2985678796
    169508491
    175058915
    1283075660
    9940162
    359316828
    3298387574
    4003549096
    3226548821
    204501068
    56677864
    3087474554
    4404332979
    2493732320
    3158787604
    3102798785
    561586170
    4351023867
    2196789193
    795932042
    912301382
    3385870581
    3269870887
    56744384
    1365056550
    2853689218
    111686940
    2755811879
    934562173
    3177402724
    489836103
    621714332
    584557262
    209093628
    389645665
    3315231327
    2237521411
    3910855401
    3064312755
    2335373408
    2465847691
    2209327525
    2690303618
    258016188
    1045719470
    1905002210
    2809782494
    2625344213
    162321255
    3007134347
    460051524
    113604228
    2265758249
    1260824208
    3007681529
    51058574
    2346474700
    379250270
    3897668848
    2197765860
    185312839
    4074628162
    3301991763
    1542971594
    608597007
    97100721
    846303127
    2162697578
    2546258808
    4407867022
    4143974633
    244140480
    247757786
    139292752
    3187851669
    2324491441
    79780099
    2508960020
    436671116
    219429913
    3243568292
    2843902903
    3318940192
    2153083628
    3654776667
    3304055175
    356042931
    2359828262
    389447363
    573915813
    1424764129
    337742999
    333229458
    627527402
    1277866442
    3331252259
    15995401
    624958769
    2898212914
    1492350175
    533503855
    315397717
    218640978
    820062067
    49709165
    305830210
    1641234504
    2765783927
    145730033
    343922275
    294641488
    1524476442
    2611760753
    70230591
    577330654
    1616094978
    2785381847
    529778644
    2960062001
    3863061855
    2584528243
    2991964137
    205725740
    2585582018
    294460920
    4189497976
    490661586
    2792301689
    51267531
    3012402041
    331695429
    966720097
    1915405310
    1229958534
    2158758676
    3793232057
    268842088
    365579371
    221157213
    3304492600
    373449498
    1630400654
    2802004025
    385054679
    3061661734
    2453081851
    3027211699
    554030238
    2352011512
    113648761
    50143871
    241886258
    583621750
    1344306576
    411625908
    2971225234
    221021888
    2916294209
    1387572362
    274074474
    1052331378
    716542243
    3516690794
    210676987
    171451405
    1573582868
    143550844
    3416896341
    460412560
    2385790236
    3362723020
    297848081
    2303596052
    423689921
    917420306
    1688766882
    192853635
    391404662
    294620585
    235542734
    95002105
    2796549074
    129198327
    1377676296
    1309825765
    373001750
    1920941690
    3288899205
    463944393
    2606297052
    625446658
    330974556
    3612492021
    897905935
    2485807329
    2882824072
    912160076
    383891331
    706896932
    2188437442
    1096470493
    3244520934
    4008163216
    329275751
    105766528
    737024012
    263651300
    599530012
    2262151181
    2289302877
    476222417
    2740508006
    252451194
    3493529183
    2407562685
    2482298447
    1592933863
    108767310
    326786932
    705361113
    3321340642
    2163411465
    2341859281
    399612291
    3927900195
    2791380251
    1055480587
    18394633
    745090614
    3016311711
    3344256412
    123622346
    3817114408
    49413866
    2724587206
    553013844
    3135107667
    1602042025
    1004743879
    1361386057
    898488181
    330292344
    748582459
    2906863757
    194093553
    35761697
    3377812504
    3289254409
    1638008856
    2205434805
    3033518763
    64589412
    2200501620
    2793185444
    1256678851
    484087834
    123361662
    1024813148
    197750893
    433988777
    1920334392
    331380967
    2342329790
    240158474
    2888120385
    3297459865
    4181246853
    2286673279
    2848185939
    602215053
    40078067
    3121168263
    4159520775
    162308301
    3026720632
    3345372021
    374492193
    2244053928
    207064192
    1037601732
    4189669461
    359326267
    522566899
    2803502875
    3384938062
    3544267817
    2842725790
    3025004866
    189495297
    97868347
    315433083
    192721383
    1428234624
    1629120727
    1410151418
    2504071340
    2228967749
    1013014412
    2494224674
    1273292742
    2805920490
    745931066
    4395166522
    2948729175
    2873506828
    478654694
    2637607841
    2994886517
    302542412
    358646737
    344274531
    2902950615
    1930555928
    715196094
    352193269
    408013988
    2606999273
    167767662
    3298439255
    523649238
    100018000
    266023576
    1482186636
    812065772
    360275809
    2740311512
    131816489
    1607697672
    354239660
    337176530
    1632516524
    2946344229
    3187701995
    49617734
    176235203
    2768149304
    29816798
    143606868
    995680988
    938651857
    278055403
    256417881
    125619789
    3418659924
    1196569339
    169914870
    270539386
    1031170412
    2864307970
    1465705170
    1262816316
    2951095833
    3988649475
    4144404543
    367410336
    179348246
    2858184927
    3326902801
    939903186
    416588816
    3074784490
    307297350
    2918190599
    393635841
    2537845640
    555734980
    1322211872
    2722250957
    267587773
    2226773390
    300828437
    294220022
    503525163
    3364045883
    1156308895
    2206631649
    3148830663
    2873962606
    3399323877
    3349393102
    602101792
    949445612
    970828284
    1510065973
    1126367150
    95261098
    1045520834
    2537832351
    2499721962
    3185023357
    2459594817
    302036757
    2643552825
    4209266608
    611761312
    366758333
    739336446
    385373344
    419362155
    1848206809
    1030016136
    2715625227
    571570919
    34662460
    2892309713
    3387422421
    2826113967
    1475400798
    2182888508
    400663207
    3325334848
    367279583
    3303659351
    1443246636
    610841610
    912735194
    1433828743
    3144690053
    3290501452
    2966078363
    374687687
    356222863
    3710074426
    499200632
    2580454238
    3395673568
    483897195
    57130273
    287306874
    3146523905
    322109034
    354168033
    3728169263
    541491041
    1633733820
    356648369
    179579873
    452338637
    165932456
    179574150
    257135676
    86935944
    2670699086
    1039977313
    2900609145
    3395694484
    2360837226
    569788219
    2903014649
    1452213806
    1542665858
    3297649358
    358980018
    4034268261
    162247101
    2210883218
    4002244853
    478602644
    952015958
    122956701
    3369946313
    379679610
    2314219393
    3600606197
    2537498405
    1885495020
    4063101459
    1441859322
    176389378
    354861870
    3060362404
    375645689
    1633414226
    1207975134
    149830166
    2719619138
    2594738034
    3047681860
    1397798425
    854727120
    91835461
    3890541808
    2921055791
    555120517
    2812766203
    2940744814
    3215819781
    2297432347
    3024473783
    2547998804
    2796744571
    1653700680
    2487043659
    586327094
    490600621
    3376862181
    2913474393
    409493151
    2176872050
    4081717636
    305019782
    3865063648
    28777341
    734639311
    3473858663
    582063133
    2174028451
    2987250423
    316969328
    3333070559
    3126640209
    2922877078
    425118086
    2910629018
    1645039826
    2944825810
    347870669
    2952330532
    2983046914
    4024820013
    364007421
    1289824982
    370906745
    4250542523
    1413063668
    1927885411
    3037376349
    42455909
    1106288106
    2649240325
    2389556905
    1120066208
    3119895771
    2345072541
    3376002160
    915099600
    2376415592
    50719528
    913054758
    381705863
    3791207374
    365612456
    992558480
    218412872
    788171532
    3026244701
    1488001304
    922877690
    350356393
    901732453
    2263000765
    316622219
    1125776881
    1169835331
    84860555
    1395451537
    154424431
    1175575268
    2539668027
    549299453
    1455004057
    99920504
    2751082937
    962157175
    325202935
    174697284
    433663718
    4415184333
    319514068
    3375409822
    628569633
    2936838726
    157224381
    2680574041
    225182021
    421083864
    361419574
    875816083
    108622124
    172565535
    126324987
    997186128
    440360954
    436159400
    2475093523
    2645804599
    280222219
    1426236380
    340154063
    726425899
    1613234442
    4257724342
    2272918549
    2856601803
    3397092633
    2805147013
    367805508
    2629315797
    398639790
    611660078
    3630935961
    231446360
    3019286711
    2686894831
    2216522835
    528402565
    3994855961
    407892472
    1076120850
    3041091933
    1024647181
    718952304
    2457072793
    382432742
    387570655
    16350098
    196574150
    2326771433
    2713111508
    1666372232
    757067612
    92157903
    4372917747
    47361215
    1773943573
    273447885
    1604415794
    181274806
    3881230114
    493290846
    2961079299
    142687107
    207098502
    760191308
    1060836277
    3864581117
    3323961659
    164423285
    3805970592
    2470401523
    2781493327
    316989819
    225525127
    3027563900
    19183061
    822982368
    254066319
    3126540034
    2213847266
    91697416
    2994201421
    4072471521
    24721675
    188240081
    1425671600
    3095781699
    456828231
    2371125795
    1466665778
    3034928373
    364582589
    48675136
    4358276842
    2996499230
    1855559690
    300974659
    2213962035
    1407266700
    3273394406
    2451652477
    75860851
    2338841191
    337583315
    2651831600
    3290376885
    515894581
    1642909448
    160506167
    2380693632
    3314777998
    2298527312
    1546276094
    2799115761
    513491711
    1608223082
    2827665472
    171527813
    96224366
    1557741074
    622094868
    2874746606
    463250791
    3231878731
    495047832
    617514800
    2647501915
    628201721
    968437273
    334777451
    3228625347
    847894219
    3408859931
    478006246
    1474330142
    3131620325
    3367415475
    2481551154
    132533609
    859827816
    3312173518
    497909056
    593886883
    3920250869
    283540083
    3549556216
    2710557906
    823997029
    114546424
    1086849355
    1668094014
    1169906977
    1517489210
    2595023312
    866003300
    2879948296
    3307679763
    3406509099
    3351161391
    3015256918
    213055725
    231030962
    142411622
    2870455036
    321928089
    3429882310
    769416122
    270874829
    2504615134
    2581919408
    3997398029
    3321801070
    603441943
    2809138053
    3368494593
    631249520
    3339771107
    3307849359
    1036445282
    487674309
    597229285
    469713730
    127479796
    3067644485
    1871761123
    2721121953
    2648978563
    180305166
    1849647348
    1415079344
    1884268483
    611922916
    2996523232
    260829963
    865997256
    2538316141
    743444390
    3404309753
    2628755885
    221045719
    3107704384
    3587195541
    136990748
    325544221
    605741417
    347177210
    587384800
    3331254785
    228167639
    2268828265
    1447081579
    1568164525
    1218565934
    128002333
    334532216
    1657518337
    20516052
    4049257215
    2242462752
    52502350
    1949585502
    4019419246
    3523932193
    1100774156
    2505010782
    2152360265
    754047673
    2845500555
    2353826534
    1535295320
    1699656218
    2494724461
    1868284752
    1513513200
    3039999979
    220323539
    7436142
    1722710198
    513395005
    3120970364
    273371515
    3241054852
    21872967
    2814536006
    352968437
    317164717
    564107298
    622685099
    254519918
    1524294078
    220719324
    2879724857
    2821131209
    2512570956
    135271951
    2193066874
    520938512
    993847639
    3233958464
    2867596667
    2190969048
    2935877807
    3129395242
    577245577
    2751995868
    2963506379
    1548370904
    1101739484
    2323715674
    1097303936
    3364889915
    2334021182
    2197333520
    3222629613
    2329818962
    171402355
    108574141
    2456868696
    3501683663
    2367992575
    3186505785
    3391690186
    1565522048
    1423996596
    792167762
    168540037
    2227787352
    1403361318
    235262991
    246480954
    1712178324
    1593007488
    361796930
    17330060
    2399739127
    2617045539
    2705176445
    1328415846
    806410987
    238235697
    4181715627
    177318452
    3302922009
    3391732510
    3036652425
    1861614242
    109636321
    125623671
    2463614558
    3149393201
    2857075512
    3202373537
    450539279
    2962860706
    3503217436
    3236630076
    2825702883
    944320470
    366553098
    1002369912
    2340391028
    800804174
    26491107
    2270714677
    703640791
    186972818
    415815027
    568130476
    106998622
    1105825825
    54686996
    185132776
    2877914806
    2986038964
    360535340
    555352326
    337048267
    3347360128
    4242835456
    3908620947
    443984677
    4293010036
    98930459
    3608549896
    1618806926
    2426530403
    3315016317
    548587442
    224852847
    3382829104
    1288229437
    1883447503
    3490796057
    584932383
    309862833
    709752929
    170410348
    3354986698
    2848509286
    3345339599
    1499567084
    702980893
    3333265319
    4203449499
    62234577
    4141951287
    3143554780
    53769205
    299726315
    2855093482
    224744249
    2652908219
    583841611
    479807464
    913035486
    2474539577
    290133014
    1577789695
    3096933099
    478336512
    3366385594
    412540791
    356256272
    2819385041
    2784779869
    2539333094
    312883608
    497782355
    2728264865
    2324289629
    228583508
    477676504
    70943107
    329754829
    2302166236
    2173593674
    2933965211
    1102223514
    1599366162
    1073855208
    2980247369
    3633765076
    1143525648
    3295781565
    2972130087
    2811336128
    1528420992
    2784574717
    3642999394
    2731960560
    1085938375
    85128782
    2394523800
    3110629413
    709149266
    473838673
    317950408
    339586335
    2426655998
    3311949796
    2484791853
    634037718
    260900441
    383981109
    2402702973
    2387958313
    331287214
    600916470
    2760189447
    1031914501
    3143654051
    1463518832
    2845560969
    3399300207
    2982417045
    3906668902
    1243591069
    980788172
    2826830586
    550125754
    2851638682
    545068771
    2956234085
    89290843
    2960585584
    1449802388
    260288287
    4372939936
    129580121
    2172656407
    3970410863
    310779400
    122864090
    2185923850
    113503601
    875141606
    3832740856
    2687282425
    2872594870
    3833816056
    447039521
    611815692
    4353471153
    532595540
    54690194
    3917430741
    351838105
    2592025530
    2540203852
    2824798000
    367805491
    16135961
    1685971255
    1663590048
    414625394
    510148897
    2388494564
    422592281
    218088133
    3438348447
    2811563168
    763534950
    288904590
    2495745852
    81151153
    136316863
    1525943131
    735881612
    2938407856
    493445707
    3331563226
    3354788147
    2257837385
    394279350
    3102676319
    509079915
    947270192
    483114769
    3195685889
    2981976593
    2769395113
    101856352
    2522045549
    2593105687
    2780149190
    4272619996
    375593002
    2762136977
    107533152
    3366795569
    3404171314
    1728808051
    1901077644
    1063707181
    542515790
    381678721
    99147325
    2448172273
    1516514155
    255633047
    188625111
    9005332
    2980365382
    117789366
    277130672
    4134021904
    553418581
    823988010
    2988196162
    997660328
    3281044007
    2225937461
    3306871625
    2895122759
    4104942453
    3017069913
    111271326
    2909592124
    417089722
    2964642574
    2388071296
    324260310
    2809349988
    164754052
    2449734482
    3100178265
    1116533646
    433342468
    2216134147
    3071955973
    3214437525
    1596156925
    328497085
    543409353
    59965146
    2206023839
    557162227
    173098167
    724882212
    1551568783
    3015231675
    2857662369
    396688842
    611664370
    185377144
    550070155
    2844795514
    1352179400
    2373874824
    1275337316
    238944833
    3855998621
    2822250107
    3935978355
    2322447282
    55227566
    3436698370
    3301779815
    3742157123
    4341715173
    68687646
    18474277
    1546088592
    1721962142
    47302967
    245788885
    334013112
    40962226
    1228539198
    1545615260
    3396995093
    626498995
    9035112
    1408069176
    2957455683
    1040949932
    2772113794
    2896529507
    123907274
    302146144
    2522600730
    561471093
    240433722
    886230144
    1713276229
    142398133
    3047015358
    116175974
    3386282944
    350860416
    3374454053
    3355984499
    2396011098
    720360150
    596773729
    2960201439
    1165941217
    838419420
    215383385
    4039408341
    294285238
    3310543463
    2478206125
    1104198996
    589365638
    2151423914
    282452375
    113150285
    20922443
    1111004832
    88728399
    2215803619
    296959183
    3880774817
    1851062461
    378051712
    3707457675
    2377678050
    535170941
    1962528247
    4394129903
    4075562369
    2705971176
    346069845
    2530225700
    2180935467
    3399337515
    2890823865
    1884372722
    4294961657
    2225569652
    2355047695
    3329064845
    283659253
    2182371028
    2714975772
    2725754075
    2330556342
    2543173248
    1543840236
    2999730435
    171548665
    317020804
    373291545
    532622371
    3123290672
    822154160
    2990172322
    930317142
    166939118
    1104833748
    63650956
    532405338
    886527744
    1604378126
    631107543
    366054583
    2704472467
    2238713078
    167741643
    491391151
    131121143
    1941070736
    816073393
    3288666449
    2912603141
    3134061368
    3512018837
    2292811730
    3117364083
    2479673797
    329664593
    4396831822
    2583611666
    533460867
    2178348663
    3077408915
    313523215
    627699106
    2700706689
    849615174
    1530683538
    149922095
    2745694465
    2826064283
    396072815
    488583801
    1440846799
    326603254
    2991769186
    223198452
    383679878
    174012647
    4111416009
    1487029112
    1956891786
    2694866237
    3348119549
    1489772490
    3129535551
    94543804
    2763990897
    332764117
    2866470545
    3035395109
    575195630
    3645452957
    18641873
    389075561
    2943972724
    2954602685
    955385898
    346461219
    2547652892
    2907760995
    2940865863
    3011134606
    943861890
    3367982957
    558063593
    1062866035
    2336951424
    2306344928
    3157645948
    2962217824
    2402028120
    2928740066
    2439111618
    169166848
    2446079353
    735802146
    334131128
    1004805584
    565779477
    1052931745
    771650366
    326904400
    165469659
    2300189548
    3991248821
    4249601535
    2463706628
    3127655761
    3147088648
    2993943503
    774800023
    1371551582
    1440844183
    1219275852
    22507731
    3739360763
    312197596
    3405554333
    829874251
    2507652594
    1080717739
    3122364767
    1761939818
    3077851884
    86735651
    2250923128
    175715505
    3327820120
    3598544295
    2242912294
    2429651325
    74966062
    528400460
    365071202
    1455021924
    824659850
    296825702
    190617698
    169039877
    2905256843
    2268022429
    2267557668
    1436785249
    2370145016
    1879287038
    71135181
    815307050
    490744246
    807460130
    4188491723
    3357514864
    2340977263
    214652564
    454633187
    3064530064
    7864042
    250610015
    1638714841
    3197395819
    3424819797
    261828368
    170380480
    1975069507
    37249554
    2180463163
    3095311595
    1167351662
    2731439133
    1553572692
    2276747976
    24411256
    4091568861
    2430709700
    2459610476
    344034700
    10481032
    345831695
    352631579
    3042080507
    2385762811
    1639133239
    2686670467
    701852632
    53082970
    1555906920
    1900441380
    4383491115
    3769437372
    2587398665
    3229925574
    2420948258
    486391270
    1243806758
    3225096185
    430932605
    56063244
    94445320
    910924320
    598731408
    274986690
    2769221277
    1633105332
    783333446
    1507501460
    3329169970
    313078026
    3055611081
    236312833
    386509223
    73855274
    1589191116
    3244131755
    2721328334
    2900334041
    2246053343
    3726733942
    2904875038
    2761142422
    1563668737
    3196708022
    373566465
    173424051
    1541562092
    106915081
    3040361649
    191630445
    3471929296
    590757604
    2212442146
    2358359080
    2180697802
    366251149
    618530855
    3244738955
    2975409245
    4099447126
    1529658031
    587480819
    4251502949
    201185770
    554241686
    299741913
    4120780582
    107390400
    131523071
    371243307
    3300353242
    2762152559
    2273422453
    1052167530
    1867183741
    3314637141
    183836933
    2822664661
    3118451638
    2901941634
    3889900397
    151164889
    15811331
    375668090
    2249357941
    1651379310
    1605437725
    368349549
    1335167659
    2594561347
    2456785050
    3317143817
    1233714206
    526335284
    2274963176
    3143538520
    192804492
    254725531
    584999445
    111441775
    2252959697
    64370537
    3370505999
    335272579
    400030888
    2532622374
    480558450
    1016287266
    2634543665
    703440270
    467693084
    937881757
    2919715882
    3436834030
    359045256
    182957343
    3337906727
    262378085
    454719964
    2765457518
    79455055
    3373826236
    3170418763
    1517593416
    1499904702
    2605561754
    380536976
    3364000271
    1210544419
    345361182
    3077397766
    2865583469
    2457041372
    2427906903
    124284628
    166937350
    208988759
    349280220
    4058818697
    193716940
    2789204489
    4253254895
    323229366
    3078061755
    261449189
    621386126
    2197746062
    113323309
    534504734
    353267268
    72960253
    2167768647
    3190295968
    477628682
    381160301
    174480000
    169473838
    2475239502
    4295503997
    1024755355
    1157655140
    4315506447
    3323865640
    2596297986
    125691666
    2899685248
    1693730174
    109211890
    81155466
    75578571
    3502748847
    346240744
    446116881
    167721231
    3004022096
    3395880821
    130878291
    3222211277
    2440759892
    1550040427
    137815912
    1072086949
    318962089
    4359167056
    1836049338
    573116277
    4186784776
    1491086598
    3033768019
    4121786499
    2768112244
    1102201808
    3577878737
    216068050
    33694009
    1666059602
    2257380565
    1063975843
    800354305
    153490795
    3720453741
    4157761594
    1478297791
    85197446
    1938483188
    1465142917
    2705070336
    3098161733
    4321867955
    2626259022
    2856729575
    2869593797
    388349244
    3226555727
    52694006
    3148277471
    1079759966
    149614610
    3891099705
    1451978288
    82837550
    2516261324
    3180908830
    159968900
    207030266
    2742811398
    4343143276
    3420454719
    231074497
    3412935639
    3311248137
    949594794
    1180210003
    3044668227
    244210258
    3364158693
    175069318
    277627072
    1706502428
    1525887774
    316557879
    406180298
    123888893
    481402413
    1623755515
    1660692218
    336221740
    3335483829
    3241595554
    2938725995
    92607903
    170685207
    1521890354
    2872970685
    328043147
    272054150
    2994278961
    2795460821
    2413811157
    2403051223
    3300268084
    3490228775
    374389230
    3334738438
    3032390818
    3434664688
    2964861405
    3300538977
    2391577902
    2900999931
    252727643
    2266497680
    300975176
    3297947148
    3087462363
    18046190
    576604947
    4367146277
    3362515989
    2721838961
    3428193856
    98095743
    2940374439
    3370020465
    1009705339
    3347074379
    449154731
    258314811
    3083423356
    2960293805
    51357235
    478452606
    2351223195
    2305202215
    3325342251
    1491313447
    523465883
    3024695254
    3157326112
    1546547268
    4403436747
    1318459621
    2816946279
    3971371773
    4234852829
    3061304517
    2345042099
    2827984244
    2933391357
    840444691
    123022083
    263884914
    462036771
    4133915272
    1362911563
    1070242490
    3363850084
    4139590252
    2575307454
    2980053897
    2760901514
    3001131724
    3370614255
    3330407255
    1641195919
    492025628
    2203243844
    2891237848
    3313785287
    153128803
    2968621901
    3314538177
    3212341527
    3290715524
    350871619
    821444047
    3311495881
    3034194303
    2598107084
    600989497
    379728405
    1396450615
    2313928217
    1006589774
    171423913
    2605551565
    2659575740
    2893376517
    46330469
    1402254726
    323852414
    1926257718
    92805827
    1423207940
    2258113897
    3195680063
    2161799943
    1931016404
    379764059
    383899873
    2263173437
    343229147
    2245726794
    2295967157
    3039400431
    3473878457
    2879623271
    3064014502
    3102435003
    1723708404
    2529491909
    170422844
    344746683
    7728902
    1349988055
    2265140913
    375268792
    770107370
    2496764412
    334878715
    184159351
    1421821610
    2236414884
    146772420
    2899591587
    508966820
    309549070
    3129388373
    140498407
    188818178
    280471834
    2523496124
    458252309
    3527102560
    3437152569
    4011874817
    1573918986
    3098740407
    3346044539
    2488078981
    3036215429
    525109491
    64744399
    1681533932
    898042435
    2535227397
    177520137
    3346157385
    2396992863
    2698377596
    240165835
    2330086669
    412741036
    379901854
    3187324859
    489710255
    616331097
    893812136
    3213413475
    1941445807
    2772585459
    386590388
    377273958
    2805594977
    481284646
    2905511050
    335264025
    2342374136
    1320465120
    599052947
    2975509383
    2197036617
    3340909239
    3431509966
    1903597447
    1434896420
    560455516
    514174857
    2508954094
    248545747
    120524577
    275539992
    2348908273
    1924665794
    22902984
    188042544
    1924069430
    2299495033
    2847210595
    176768656
    1555253347
    350769850
    2342096316
    314507788
    3080722513
    2745318935
    158454244
    3044762416
    2422527842
    2265859532
    288660365
    2972055591
    635728486
    3037447354
    160216623
    489497172
    2678602904
    2607947264
    718808977
    2294884362
    745648549
    1546118750
    2881821485
    4048411936
    3344197612
    190554350
    2747838437
    317143683
    2241969309
    273036103
    2722519794
    196689130
    930665497
    469741656
    1244602526
    3332383258
    2164585266
    309295774
    351744536
    4217366068
    714318656
    2679885790
    2996962957
    2680466123
    2278190659
    617244894
    3039193804
    4024415753
    98716118
    3233359220
    567502972
    3685997657
    502841628
    2910550323
    1075409490
    1334637620
    3102508655
    2846265054
    2440731635
    289923903
    3369246875
    3094273611
    2823042441
    981155904
    3313150697
    2466647134
    1887129828
    3131564555
    1399265408
    4174003773
    1060917560
    2353638924
    269910036
    2903969771
    3192162564
    72057970
    3231312147
    2827599208
    2777778881
    2987128786
    585749217
    4408808895
    941177814
    4148055743
    190419046
    184881437
    2514937900
    3051098641
    3031378535
    3407155984
    1020301992
    3601601421
    2605941270
    615014168
    3501526157
    2982671903
    2508257843
    588306320
    470280771
    3110945746
    475836191
    343307035
    2781354587
    184951600
    472152994
    191929239
    180734447
    1586847606
    110975723
    2596768280
    545914958
    304638608
    3046869604
    282908448
    2928084623
    2459670809
    2766157650
    2968194359
    332752268
    2797642165
    1568904481
    151441959
    3293418086
    4093987889
    3304022542
    2790210783
    291854369
    3348471088
    164217387
    2547672367
    510920308
    20254407
    3346749364
    2744624881
    228355045
    1934527188
    3008683871
    1590845058
    1080721734
    2521444242
    367917785
    3312246351
    3256719473
    468687100
    616893899
    4376016196
    1605901327
    2799642894
    1000375686
    418987407
    2993593815
    1867131559
    2970975184
    185668447
    248890172
    1093202617
    2941679057
    538432084
    39366978
    320098922
    92472548
    3158685781
    114854521
    169052712
    328078892
    2494157168
    3672940695
    2514330946
    852365676
    1546693346
    734297888
    173033870
    3003085887
    836038622
    262832181
    230478134
    263544981
    85534172
    155953806
    558861286
    3423906135
    189522127
    523592086
    622091594
    471037913
    3044613017
    298558302
    3919911323
    53376853
    15452672
    262536016
    2757301606
    3272216228
    1039335595
    2856366489
    2779413930
    314165796
    4083332224
    908690311
    967700605
    477816249
    363052505
    209055265
    407871341
    156064769
    2344800791
    145357798
    1222734920
    3873081677
    3950089402
    120222057
    2515444739
    517456281
    2471588366
    2439650640
    3308674504
    4121600901
    2342862587
    483809834
    2201737660
    990061362
    3901645280
    594492251
    2914193788
    2194392413
    4195705053
    4028158154
    937493587
    169938941
    2395763072
    2234964218
    3376034927
    4013103141
    288156524
    882783242
    4321682235
    2842169043
    3068173377
    370165406
    759040292
    1581678944
    263081539
    334026247
    1854892310
    1905305342
    2739366768
    1617500028
    2549428201
    1951750897
    114992277
    4177865931
    1381310383
    628534377
    825177288
    3322630845
    2903658183
    3178808283
    126334959
    64990608
    346101822
    360532909
    2184764663
    2746046162
    317303474
    724646592
    268772032
    869609808
    2872037660
    311479662
    454041959
    727503259
    4173598863
    4362669257
    379213183
    128506443
    3081844809
    3343401329
    111748171
    2448062041
    317699828
    2619169499
    3436096240
    2878208575
    1978160756
    2961219826
    2761906957
    1488712056
    2695595423
    246895561
    1733116058
    57138220
    1181833976
    203093553
    311634612
    2451844068
    2587727457
    3297292501
    361750918
    3439016259
    2599572822
    169226302
    4017702796
    458266259
    3029026836
    432851920
    330995328
    350434679
    442967801
    151974386
    2460680163
    3844902553
    2790975411
    146162523
    2316715678
    607797788
    2456546750
    14460220
    2391636199
    1536451423
    2613556476
    3364823901
    995074657
    2314503380
    2604068238
    319830803
    4417858109
    1260508158
    202149129
    2322923437
    76668556
    2837278931
    416385641
    467511030
    381059819
    337981036
    2604162146
    1467408793
    1484181541
    317683439
    2272196245
    3031557085
    3287122524
    2431504382
    92485084
    2372665343
    2299962522
    3226435011
    1022967403
    2997627671
    542366086
    3246596763
    1975194835
    1438064948
    96610962
    872472121
    2957704266
    242845708
    1930740463
    371885618
    3423084827
    751521098
    147138447
    1186476300
    2874771882
    167334413
    1603984868
    810422744
    187505997
    2438592454
    1635904063
    1582916396
    551500755
    1084063081
    3321747850
    2983000163
    2787766748
    76786636
    237236333
    3389167469
    718367888
    793622406
    374742007
    1552912393
    1613831797
    3003710985
    3142970853
    1643878032
    616446355
    116133591
    399284954
    3424684485
    2282629662
    2658057759
    3287004620
    2762920363
    2228471281
    1646255275
    372371569
    1861164042
    1585882986
    317809033
    62918066
    183893324
    276099109
    3422831951
    1680519932
    2953937526
    572118921
    3245049591
    3726511156
    4296177880
    358967400
    1389389737
    271590256
    1621309772
    2160865148
    162784911
    2446846861
    3234007908
    2655992111
    113882712
    365006274
    384225059
    2946334107
    3073041929
    4403095605
    952228838
    1035656150
    1415733480
    347241140
    6449282
    584575195
    3005559517
    546935740
    3357315617
    509312297
    611623216
    3892216753
    715311002
    596885673
    2984637994
    1738586852
    3296045814
    717779248
    3354907641
    373315056
    2968730885
    2855229372
    1679161411
    2160482735
    962989392
    2755872780
    1691056088
    4030386315
    2259383900
    2983008148
    2296958135
    2425894722
    2161004725
    2971116492
    2244230567
    3428972536
    288437366
    2382214304
    2997885347
    3197430693
    4070779713
    122315089
    396712390
    514758575
    2486726157
    3818024115
    3226094019
    3370127962
    392009364
    24525905
    1935172375
    1944807396
    51464675
    1722811429
    350550898
    247920090
    2828173295
    2380673328
    133019291
    179250667
    4016659455
    2974499674
    1917695100
    444519603
    303360561
    288981868
    2180955201
    251278848
    1522832174
    3124240101
    20363597
    149104194
    2897346821
    3307103924
    867668570
    1607894954
    3046723369
    3362626240
    3349934525
    108911398
    528923561
    4040135607
    2712581751
    1900573338
    205413991
    556912918
    1660717974
    2612773622
    310932861
    64825482
    494263010
    3250577851
    4375350015
    3242014546
    838318609
    65164043
    869862655
    2172875209
    2973628389
    543818641
    1945378628
    1522942518
    2235926450
    313904398
    602492469
    139501890
    277907571
    114059948
    55034136
    3290397091
    2395324188
    337817237
    434067914
    2157509164
    41044925
    2391710642
    493813700
    592506061
    597759264
    14831121
    2195867374
    1359626611
    3150490345
    3341839601
    2333655676
    77301429
    2879246450
    2396749657
    220732068
    3142706770
    497820899
    785567767
    102033060
    2885122225
    2262629936
    2531456901
    173478931
    259915848
    2649328909
    145990905
    448204062
    99262469
    1640135539
    81859065
    77668173
    351056604
    4188400785
    166945631
    2151075102
    54874592
    625860795
    395893413
    2392762250
    2592536796
    2496363204
    1625374394
    214148948
    131879295
    1422983948
    869877727
    2430871128
    3297122470
    345537934
    307438350
    2732216439
    93654184
    488455437
    1502276382
    730633506
    2998340541
    4026459815
    365767820
    518485666
    1072428558
    2749664904
    206294236
    2986018769
    2971057233
    2190957722
    704687222
    4195943248
    826644648
    3047833700
    2149115325
    583949489
    529772655
    1545893204
    3424707699
    375190415
    1098919213
    2861480835
    3019799346
    2867915244
    937419566
    2280273234
    382671097
    610283904
    171337448
    474808594
    3026416490
    1932186558
    1965048566
    4093372277
    3232836364
    2214266995
    285285181
    1706941292
    2732713215
    2207376159
    3613128437
    1855271425
    2876530565
    1668563058
    486901567
    1462808030
    16503454
    1312576830
    1243086876
    3116241191
    379067057
    406488903
    297649978
    105111400
    2846150380
    588273728
    2906384885
    702773228
    1673544632
    3502161255
    3161374493
    535290063
    2255537514
    3362295497
    80244316
    2289067041
    3082023511
    1734450756
    291378035
    52775726
    586887586
    2663870975
    2845584304
    288815313
    1226113022
    797277824
    368260456
    3300777449
    97219624
    3337592793
    65399835
    3805974633
    4044409337
    2994405501
    87040051
    2558746027
    462304850
    817092385
    2707116608
    1702328203
    239136670
    1245730602
    2998329345
    2821216036
    327231186
    2826715495
    4240760057
    1648523252
    1290798434
    308925367
    3622077135
    1017600385
    564827773
    3454078227
    339356047
    2977849969
    513708258
    342768539
    2851127037
    3070349429
    3233859498
    3171304480
    4407737122
    921563582
    1035912176
    2730128928
    3606582736
    4060164269
    236877928
    2512796474
    791518309
    863712415
    521380032
    370016917
    913063140
    2582386008
    3043811801
    2614326271
    165391934
    527351383
    595217035
    3302504663
    1296116064
    3295827094
    387744956
    111895046
    3135235163
    375263384
    728689939
    508110457
    2727151513
    1486058042
    3252924822
    323887227
    540988036
    715792733
    72340237
    2983696975
    2569281725
    1053172921
    2992183755
    1156640052
    751623613
    1049036112
    4249658626
    3298547118
    3397579031
    302753631
    2261431183
    3814750821
    2859428415
    2275731910
    2326813289
    3151343818
    4296025821
    3077121820
    219239665
    539312133
    2872050718
    2881310152
    169656375
    1736439236
    2374038865
    283112879
    189183763
    2306684263
    776043230
    3422005083
    498268820
    798367320
    124218483
    2734461155
    290704940
    2847253829
    3349357925
    2982404955
    2802006262
    2523421513
    2554612530
    585338335
    618765796
    3429970228
    350256011
    379961792
    3006157637
    1939680127
    2835573375
    1587860130
    220179187
    2878087420
    95646328
    2198159668
    901814413
    3372771459
    1954639218
    1128843282
    540256433
    3103318793
    2826326098
    826862137
    1619802576
    2973105928
    1172771880
    2938285583
    2362903424
    2293277439
    2605771315
    964096082
    606658884
    2570805451
    2242374117
    263633988
    2441239183
    4091531302
    215596373
    467579585
    2858517703
    1457257494
    4051763956
    2735340255
    247188350
    1435576220
    1441958617
    170306710
    281184424
    250230176
    4109960363
    2583717846
    2771228029
    1495672165
    260228119
    1028589884
    1631161171
    326858609
    4364424255
    963018300
    983357996
    321993257
    2435519732
    615027541
    411862555
    338658580
    3410892195
    2736929004
    1672907138
    311502406
    3064788095
    2228768909
    2640208890
    3909900028
    3535220656
    2993005411
    327605470
    353018436
    3400359761
    14576749
    2316301054
    15726358
    2238524793
    470018886
    738303206
    28299136
    2247306462
    617929091
    461236297
    1349475858
    2885410581
    2294391362
    2985371031
    3437250453
    2669460129
    313863828
    3091758783
    179185280
    1857750902
    58407523
    476734799
    432734628
    2412408739
    1331813431
    4082015715
    378525719
    2370864792
    2835522647
    2221522125
    2288303909
    123362583
    150279730
    254665583
    2902941257
    339508698
    615519885
    2552167609
    3434390356
    1423987968
    4051415595
    2760218986
    1934255089
    408688007
    428159392
    535359461
    2154609231
    2924716454
    234072775
    2688207818
    399990027
    168239875
    265382337
    372822294
    3084400354
    3196440495
    2896250219
    1640263166
    78030410
    3431883652
    2194680492
    903814920
    291253844
    427380142
    313677526
    2802822142
    250480941
    1617736459
    972124033
    2437191073
    3246830348
    2325870038
    241133338
    2154740749
    3622459217
    195258707
    442233737
    469255380
    3178177889
    332844189
    1311211771
    4211636476
    247829583
    192792647
    3204490773
    3662992165
    3924235752
    259724865
    517705749
    587323390
    382663809
    436615430
    108565566
    288152487
    1537251223
    2436082410
    1122360030
    1972681286
    1573579699
    618306008
    1213906790
    1459141777
    3040828325
    283127940
    2904173944
    1961288473
    2458492269
    1512112903
    544974421
    1424760186
    2800417864
    2591517103
    324417461
    3188655855
    2863797730
    378530253
    416503424
    2725685620
    350385221
    1161168330
    1707376693
    273607909
    183174185
    1918120195
    2921327044
    513133885
    3032734595
    163179230
    3356631593
    14301547
    2191355239
    2841175925
    3127351265
    4299391581
    4417395928
    338474924
    708333017
    3423853613
    518385532
    241215767
    306346196
    63931876
    1542904362
    2205561340
    2759541930
    425340828
    2747699137
    3331925080
    1590509114
    2273290688
    11391572
    327265862
    3029705801
    595361828
    703694376
    318252125
    581106479
    1255405585
    26250653
    2419069290
    3388565661
    576105385
    169483878
    2867922484
    25259599
    173940745
    2215959830
    1451509333
    2900768944
    449676181
    827498611
    2558431892
    463575379
    2911781733
    403125888
    1978476559
    2745898748
    3618417016
    167870120
    343327772
    2714165113
    2409456212
    92470968
    3004602711
    240338094
    3044175222
    539079427
    2921933033
    42961258
    932149033
    4360858336
    3114476637
    3303082966
    2999498842
    1413670405
    3350082285
    2467874167
    2722564166
    19960509
    2459946584
    211793678
    875447113
    2338401067
    2983757661
    263159747
    4238316345
    379186466
    100239825
    130279906
    194300884
    4361705837
    1272078102
    1201267758
    3831193115
    365791870
    213247082
    3166978908
    564150455
    3404305673
    1681259611
    1072004971
    2451496100
    131658981
    3844970026
    819551294
    1109273076
    172696549
    4127830816
    942410124
    211527207
    2829971999
    3859927972
    773838612
    3138260506
    2822330321
    1376708550
    606401948
    2251555020
    4362766637
    3178061260
    4020628107
    1978738561
    2272927957
    2877735197
    3436772290
    2801675511
    4158367995
    3031346114
    27694544
    322270011
    1351000056
    812840382
    983214912
    2358530910
    280654737
    22899103
    2281130943
    4090635646
    497669516
    878520650
    1471393621
    441116657
    2871037414
    2336464597
    3862995983
    439051208
    556146056
    151999914
    760330159
    2252369981
    4083341751
    624015529
    1217763811
    3822668477
    1369139551
    4132695083
    310303091
    3315790817
    94398200
    4171167695
    2907511235
    2338749487
    1696206199
    979240074
    851452711
    3299162859
    364371154
    3349349440
    3424542807
    364225779
    2916181084
    184328970
    3147613042
    3677549542
    2984346591
    2373976460
    1535388674
    3293287270
    224413888
    465449758
    707909236
    1353681710
    189833971
    548649808
    2847036059
    2154878655
    2326149776
    192985033
    2963912219
    1412704088
    2958376539
    216893352
    2461974052
    2154731840
    110955313
    2688205276
    2345557231
    287703082
    314058805
    2767304713
    152242419
    305240274
    2578733280
    3359208215
    2288432653
    2725086688
    3375660073
    3916785387
    568915551
    4026012256
    174260637
    4131332188
    384459402
    482382399
    730398512
    3402849970
    3962418135
    4235995827
    2941984372
    2453141542
    4189223663
    2261203976
    2659714676
    2199924973
    149624229
    865052244
    3016192312
    1811781986
    992387796
    212976140
    367275650
    2984804673
    2310192475
    2407725793
    594301847
    3990599733
    252890019
    2968091770
    359205455
    2676251083
    2632353503
    2842496956
    3042213130
    3323794635
    348462458
    1198456302
    3120697311
    3235285580
    113175003
    353077624
    1115024989
    2280983584
    2850843643
    1590467791
    2428907564
    1439457948
    278560307
    3093275416
    3393575841
    2855317834
    4069094049
    271591061
    286196811
    3437602829
    495160393
    2254965422
    103550000
    2549982030
    2364908438
    462373700
    2196344012
    631131826
    1498727372
    4210498031
    611632426
    2370978433
    1694619444
    747880314
    2301900877
    3015321293
    178513820
    362104936
    250266982
    155606020
    2949458925
    3456230296
    962956832
    230129226
    419186493
    3411046643
    4328230300
    186756747
    702928807
    3522730213
    2502718718
    3040424187
    318537582
    4099277247
    4108149865
    325189945
    2570751997
    2740329226
    352023677
    2355356179
    536661814
    170809636
    3315100402
    2298432103
    396064254
    2309474348
    3759020717
    1931256762
    1312726117
    3010596506
    2978449427
    4095126377
    1673065783
    3295149681
    2221633186
    3369334972
    54833306
    978191953
    348113225
    4269389175
    1734555402
    2786674364
    2231774983
    1861204614
    279232207
    3142133181
    3418598776
    439183170
    970342280
    1025225232
    138133399
    2951154227
    492236640
    460115351
    3384902549
    116836261
    2298665532
    2989341472
    2580049509
    294661574
    2217984881
    3861028283
    2353559364
    3502026873
    3996560626
    2985846881
    2265784184
    972720626
    598635828
    3000174275
    2921801289
    2225813611
    3388837013
    4315663109
    2285108372
    3069626375
    2800965375
    3294112163
    963577566
    112699535
    85812259
    2743392033
    1465378735
    1582957128
    1578897344
    258216646
    2555445276
    3405513995
    2160710648
    739927105
    3399882543
    748027134
    3254556851
    2459600947
    88707118
    296484566
    2265007130
    3051455143
    1644773953
    4170754217
    753176396
    2277330242
    1299949620
    173849223
    4151818558
    2713213094
    3240323397
    2603490865
    3062143215
    718210711
    3213888061
    541916743
    152257292
    3198074125
    439927352
    388320125
    600957259
    3642353595
    1266527143
    341630020
    3387717099
    2980909758
    218062002
    346532861
    633543506
    3022304427
    592300614
    1484210136
    893322272
    1886293117
    359047121
    2619776561
    496884263
    353926641
    3292119438
    2831571737
    636872086
    3289925734
    127603754
    228815344
    3075558840
    3290525964
    4091051962
    2700674609
    703398907
    496172084
    2194458130
    2331473859
    3642919817
    4269138972
    212748721
    2488861736
    924090576
    312803131
    2985197492
    1452635208
    375645988
    1978032277
    404314282
    3526005021
    110193375
    3420574420
    302178243
    2189292585
    912736213
    139359819
    2555882891
    362629270
    3096890833
    2479090899
    2221972270
    308226281
    69343678
    346793258
    2831550814
    979020894
    4177110852
    3311746029
    181329849
    831256940
    818495004
    1036804267
    1447308949
    65058289
    3131243759
    158670834
    299188925
    1598814049
    3237262000
    2425690218
    3390917998
    601306164
    3066035577
    2938193693
    4069231696
    2319022787
    18805088
    110160460
    1188015962
    531388148
    556319722
    533173523
    543295460
    3079415603
    962777340
    89347786
    2276910142
    306412001
    3207455117
    1580300118
    876462932
    3348080926
    216204307
    2810752020
    321339897
    2824871426
    83707560
    2188136798
    1944384607
    1260334831
    3009951561
    1148499853
    515905334
    501161663
    1613531456
    599544154
    764093298
    2584637778
    476601019
    3361367879
    848785184
    19685142
    3404802670
    3086779991
    3039426694
    364910186
    849657505
    3762400996
    161267541
    2156917971
    423754302
    613480539
    290969869
    474215081
    1522181906
    1538572212
    1345885272
    2870872582
    2273659490
    1253711234
    594159750
    3070448163
    235707693
    1927796268
    575236365
    286758438
    1016319667
    3173904749
    2777973663
    413392483
    2981880863
    270869869
    374648526
    1335864060
    1035627025
    2821913496
    3298272783
    817618680
    2795810516
    3654841875
    2260053332
    2263180666
    2194858687
    1326436280
    89945967
    4117201234
    3406177954
    2337018355
    2311531650
    1855939388
    2555578471
    150004601
    372493801
    324590955
    634468201
    3078326447
    1263856441
    963024210
    1050733915
    1610444155
    466630992
    2841802223
    398002088
    279293132
    19188319
    1548822788
    1736763386
    1699561165
    192116190
    449635587
    171645273
    3699115283
    3679759102
    1288487298
    3599381963
    3420745361
    14721765
    2825245617
    247910015
    148495566
    217919205
    392907509
    2830213960
    212207470
    759982369
    4372789522
    572095559
    253277229
    341436760
    3087443019
    1969431601
    3438381557
    1281422202
    1102039238
    363549964
    2603618276
    237203245
    2737204583
    239389613
    1125214304
    2374041514
    578920551
    3348657891
    1654209847
    372183121
    1355263118
    1651440542
    2364644426
    161857211
    3304405935
    2177126699
    3432549617
    617966169
    2439768858
    4145682372
    71636309
    4377259395
    877466930
    267709335
    2612590055
    2491101822
    4251282082
    1368116504
    354051653
    119841071
    237276186
    821172690
    876302432
    1851998556
    482850696
    4310394935
    3031476107
    350131275
    2794737057
    334209838
    1711123111
    2719590322
    233529599
    2837304759
    966677941
    2713364704
    348455394
    2396211721
    194639598
    598645053
    2322842587
    290684931
    252934756
    158495895
    351793134
    3351728511
    473027988
    1937309642
    1931579713
    3191306207
    189864979
    1556110783
    349890702
    242912203
    450830049
    223543540
    2320460622
    179147937
    477848475
    39747684
    1699801994
    459134601
    3083498259
    177912037
    3362828445
    568499476
    1628874948
    15406979
    3395990170
    825414235
    490719138
    362688414
    1439617194
    2825015501
    452936368
    356052810
    352449942
    1154333222
    3314150452
    3255782950
    3154745549
    810955668
    892528238
    3299758661
    2752613506
    3410029617
    2497147053
    508809549
    3387282165
    2911054647
    447728549
    563134887
    222904008
    800967356
    529314344
    3123253707
    394704113
    3415291445
    135820750
    494768918
    282742980
    255189904
    147220114
    2782314309
    3378252335
    438561081
    807734664
    1063572337
    2163349346
    2932663019
    2559278725
    2177366152
    155546766
    2380675364
    1451045071
    1474355030
    390172950
    3377296437
    631916402
    2591056602
    2158670500
    2347155026
    1242053784
    2990077611
    2965839215
    2833740191
    1262391325
    2732634622
    1341369282
    4151218409
    1039151533
    3334610056
    102473034
    3079835716
    4251792159
    3833749185
    600989778
    405771093
    2400551222
    4164020277
    938240960
    2571221626
    720700657
    2184963991
    2767829110
    2746157751
    2448066702
    1087860428
    618471152
    2370588983
    2967621665
    2691714907
    860211769
    2967918436
    3427658872
    2575447739
    3290116406
    2284495564
    2933977660
    363607428
    2797770918
    294036393
    302793890
    498555275
    3300363779
    3027485610
    2514723607
    61163746
    4092031072
    2841813857
    2530109125
    3405926260
    2361125767
    356841697
    262822908
    1095412566
    1658209854
    3172938489
    4178717932
    183377548
    2826618197
    310720393
    996827232
    1146447781
    211446157
    1547647254
    2857287438
    303520147
    104012370
    2822238877
    2166999233
    598735831
    1323011630
    558698122
    206834828
    1100554795
    357357709
    2824475339
    214797732
    817473128
    821846563
    3673383855
    3034649302
    820441508
    17717264
    172302195
    3218046298
    4417554797
    581888630
    1601281896
    475775027
    3128861703
    272667836
    864944833
    1347261186
    750705506
    2978104215
    380863993
    2792992216
    3008172520
    465926093
    3711034271
    147518360
    1008752400
    845945053
    2434049910
    279116763
    750667662
    3837854773
    2159877058
    4342104437
    1544118481
    2992590562
    559434182
    173422362
    4249066157
    2692285801
    3069960579
    164081884
    2707229850
    2511329610
    2875169244
    144165348
    2945812456
    928218709
    368001583
    800892259
    822265154
    20515971
    2891382244
    247844184
    147326489
    466442636
    2823859434
    2822662343
    3147595642
    6149912
    2216291270
    634931697
    298054248
    2297813246
    1830469958
    367912314
    2902705205
    102363524
    380243484
    221398354
    603491700
    2846811647
    4342477875
    586828594
    245793821
    3419983959
    2263381494
    3265517838
    3381448570
    1893454519
    1345273177
    3217356508
    2829488102
    203465830
    2979375220
    2262808292
    1227159030
    3099696147
    1433194398
    416311527
    314283168
    99751878
    1200310777
    2750034367
    2962702209
    2525002464
    431492489
    3076075011
    473261353
    1154302147
    338626088
    3383226885
    480305250
    501071645
    521594852
    345913071
    2992615401
    1283920423
    2532478906
    307378883
    3756049216
    2763959199
    1938029149
    2608467216
    1944371438
    2794911608
    870342438
    252948557
    98442084
    383770585
    310494156
    4121277509
    3064972181
    4149600509
    571112106
    1516283556
    2738453415
    52082084
    1408393704
    2807720493
    3827855711
    322624881
    4418463016
    2222980261
    1651769876
    1453950056
    216970958
    297974732
    2759836847
    203618088
    3288504731
    2471942069
    2318707782
    527842362
    354938223
    1026821226
    227817619
    2980431791
    2939560127
    2745009490
    4034496077
    2855198806
    2738454764
    4244219716
    1040225358
    2880295546
    1234800440
    2277939422
    7040932
    2763976533
    281226625
    358165498
    2844027682
    341763067
    3403383687
    2763648000
    18158155
    2660843198
    1131928656
    2462081239
    3093958382
    1400313642
    235565194
    2222972654
    2602222911
    1858492898
    1278805632
    1604269735
    244181322
    2446766928
    2455331540
    2744489783
    170702780
    2401293894
    379225771
    2424097271
    4331328869
    321678238
    4256629155
    380015112
    574523856
    122661151
    1729749295
    185156384
    2900420397
    2807447081
    2739417391
    65413953
    872605093
    404710533
    3483950655
    2520185389
    324332876
    2739502472
    983331548
    1250147502
    965646445
    286713624
    3383501176
    252176292
    3554580136
    3035929732
    2317755883
    489651148
    1631655380
    3124494094
    2957173480
    158466591
    3300465635
    3300360658
    1210072896
    626888082
    416556714
    3360366016
    2973759808
    2986054624
    255509620
    467424399
    1370375528
    1296296988
    559986114
    3141888171
    2632312089
    3130522013
    2683756491
    2165293381
    85858346
    3293919441
    2315012513
    1064627414
Cluster 31:
    2370705902
Cluster 32:
    1322935818
Cluster 33:
    2399836327
Cluster 34:
    1638041618
Cluster 35:
    2382327936
Cluster 36:
    260732283
Cluster 37:
    320849064
Cluster 38:
    1598683274
Cluster 39:
    2602970812
Cluster 40:
    228489376
Cluster 41:
    1401392707
Cluster 42:
    2416167516
Cluster 43:
    2400031124
Cluster 44:
    2731503014
Cluster 45:
    2356716792
Cluster 46:
    2320642115
Cluster 47:
    356137383
Cluster 48:
    2343480372
Cluster 49:
    1157220961
Cluster 50:
    2922775330
Cluster 51:
    2581876738
Cluster 52:
    774471890
Cluster 53:
    403774702
Cluster 54:
    221293962
Cluster 55:
    2175764572
Cluster 56:
    274166321
    132562460
    215617250
    219970593
    1514292384
Cluster 57:
    1639808972
Cluster 58:
    463752601
Cluster 59:
    302004073
Cluster 60:
    1908423020
Cluster 61:
    2402059320
Cluster 62:
    2726348327
Cluster 63:
    1292662626
Cluster 64:
    946320468
Cluster 65:
    2435807478
Cluster 66:
    2742679974
Cluster 67:
    2384185327
Cluster 68:
    476582389
Cluster 69:
    819479401
Cluster 70:
    2742507569
Cluster 71:
    2885088025
Cluster 72:
    4067798489
Cluster 73:
    1376801832
Cluster 74:
    2390684180
Cluster 75:
    2868976897
Cluster 76:
    2735045596
Cluster 77:
    2374111021
Cluster 78:
    2192516599
Cluster 79:
    1099206649
Cluster 80:
    4137136366
Cluster 81:
    2738462434
Cluster 82:
    1499530939
Cluster 83:
    2729906749
Cluster 84:
    2379079607
Cluster 85:
    78533232
Cluster 86:
    827657976
Cluster 87:
    2778300595
Cluster 88:
    14271203
    374359745
    3309485478
    2931354655
    3337082345
    2963663495
    564595075
    22539217
    2897140861
    635193880
    3176793380
    83977287
    43970745
    3336989643
    747519704
Cluster 89:
    402713431
Cluster 90:
    2356081242
Cluster 91:
    2391323312
Cluster 92:
    2545337038
Cluster 93:
    2367064849
Cluster 94:
    1913463428
Cluster 95:
    340409542
Cluster 96:
    2350664672
Cluster 97:
    285783857
Cluster 98:
    2337188606
Cluster 99:
    1216597789
Cluster 100:
    2425356152
Cluster 101:
    617057268
Cluster 102:
    2743146607
Cluster 103:
    4151124502
Cluster 104:
    2182748052
Cluster 105:
    572117297
    2263324470
    933002544
    547795004
    254947476
    856731133
    16807857
    323466991
    240744225
    856721918
    354976053
    2291856706
    46092547
    294062986
    71658538
    2497213374
    218617681
    313901557
    947159424
    894865026
    1007401261
    370712682
    2527948063
    945754578
    16160251
Cluster 106:
    733236516
Cluster 107:
    88416501
Cluster 108:
    2325360301
Cluster 109:
    705994071
Cluster 110:
    2714642946
Cluster 111:
    2427271112
Cluster 112:
    2378991630
Cluster 113:
    2383353395
Cluster 114:
    4229626882
Cluster 115:
    2723921262
Cluster 116:
    2753074129
