Cluster 0:
    3021367467
    309177332
    2355047695
    4004398413
    3854926049
    839415212
    2683991356
    730864885
    3329064845
    283659253
    2182371028
    2714975772
    1405181269
    1543840236
    171548665
    2903955478
    768390758
    3123290672
    822154160
    930317142
    2918520521
    1104833748
    2307368367
    532405338
    631107543
    2262836194
    366054583
    2704472467
    2584201590
    2238713078
    3207567496
    2722068789
    131121143
    1941070736
    3288666449
    816073393
    3056563177
    3512018837
    3117364083
    3667127057
    2774614522
    2974873654
    605171429
    320588531
    3927570922
    2612661044
    4396831822
    212266969
    2587504849
    1600671698
    182954727
    352542471
    3077408915
    2700706689
    2356716792
    149922095
    2745694465
    396072815
    67630254
    488583801
    1440846799
    3292706601
    99130820
    223198452
    383679878
    2405756987
    403774702
    328031624
    1956891786
    3129535551
    1514292384
    2921467175
    2959889488
    332764117
    3309757503
    324492559
    3645452957
    2943972724
    191956549
    1460477923
    453083445
    205728611
    558063593
    167823613
    170327826
    2336951424
    2306344928
    3157645948
    1924609159
    1445957293
    2439111618
    252679887
    735802146
    306928228
    334131128
    2192516599
    2738462434
    565779477
    1277105688
    771650366
    326904400
    3236279352
    165469659
    3991248821
    2399950963
    238113782
    3147088648
    3408456627
    2212249558
    159841295
    3353532987
    1219275852
    3634049901
    2299117135
    1251970514
    618553926
    1080717739
    1761939818
    3077851884
    86735651
    3598544295
    2242912294
    1455021924
    247355294
    4151124502
    2980213979
    190617698
    733236516
    169039877
    2905256843
    176082679
    1436785249
    2370145016
    344954389
    4083885437
    480419061
    3075976480
    2402181889
    807460130
    3299749456
    1490000094
    714431426
    3357514864
    2340977263
    618064208
    2971230436
    2211142867
    355132476
    3064530064
    1638714841
    250610015
    90381036
    2466524749
    2180463163
    3305394234
    1167351662
    1583545112
    1453298005
    2276747976
    294490539
    175363577
    4091568861
    345831695
    352631579
    2686670467
    701852632
    2817763718
    2427709196
    1900441380
    3242070187
    2585897683
    2593812878
    4383491115
    2587398665
    551000720
    486391270
    1243806758
    2194625868
    2242382869
    783333446
    1575277452
    1507501460
    2207431112
    2367609026
    73855274
    236312833
    3376606954
    3244131755
    1589191116
    2904875038
    1563668737
    415745334
    413233334
    160844014
    2527742735
    308139261
    173424051
    2972156692
    106915081
    3090070471
    3471929296
    2602970812
    2212442146
    2188946008
    2320642115
    4053951862
    187027543
    2609005827
    2180697802
    3216039041
    4099447126
    587480819
    45498787
    3295448932
    1275518581
    2296794494
    3672493996
    201185770
    173803735
    254973283
    554241686
    4120780582
    2732931844
    185198482
    131523071
    547004285
    2726348327
    2901941634
    541916026
    194225721
    1028973362
    271019453
    132562460
    1651379310
    368349549
    97885430
    2594561347
    396166896
    2885088025
    3317143817
    100732592
    2803203284
    1592743862
    321869145
    2274963176
    479062066
    192804492
    2411326717
    2147725387
    3376823135
    335272579
    400030888
    2645328590
    2532622374
    1382481235
    2919715882
    4348159287
    448204426
    2438745350
    178363000
    2765457518
    3373826236
    3170418763
    3547336517
    155890052
    2204979137
    704790632
    130933162
    1969767608
    380536976
    335160704
    1210544419
    4174104171
    1548980108
    2865583469
    217882757
    2457041372
    166937350
    296862254
    4058818697
    705994071
    345841491
    621386126
    82888698
    353267268
    3190295968
    2167768647
    2786021422
    169473838
    2475239502
    294228940
    1157655140
    4315506447
    624002492
    125691666
    4394033303
    2877030546
    1693730174
    106538115
    2853570946
    167721231
    1891195981
    3222211277
    3015136905
    137815912
    3133919159
    1072086949
    3619678515
    318962089
    2569481602
    2255151371
    573116277
    4186784776
    608855770
    1491086598
    581283927
    3201192562
    2952941259
    2768112244
    1233934704
    1666059602
    1063975843
    533416328
    2402197759
    153490795
    4266209961
    751247383
    172749046
    837501132
    1478297791
    3100123060
    1938483188
    513043587
    2705070336
    3098161733
    2162514709
    598342381
    1659970615
    2869593797
    388349244
    4194943792
    1401392707
    1079759966
    2228359689
    2321250642
    329610372
    3891099705
    2343480372
    3180908830
    159968900
    3412935639
    4121933176
    3311248137
    1180210003
    507874913
    244210258
    3044668227
    2966307604
    1512853729
    558216333
    394879678
    3364158693
    2488556646
    175069318
    277627072
    316557879
    3351908087
    123888893
    1908423020
    1660692218
    2767669272
    2217368136
    92607903
    2435807478
    1521890354
    328043147
    186282938
    272054150
    2994278961
    485833580
    2795460821
    2413811157
    4067798489
    2403051223
    3490228775
    3031118640
    3334738438
    3434664688
    226231537
    2391577902
    2266497680
    1574074164
    2379079607
    3087462363
    3014689979
    744824006
    1566598190
    3370020465
    1850725560
    1506066152
    4120027961
    3943565055
    331609617
    3083423356
    1123320474
    4340491823
    2351223195
    3325342251
    293181094
    369168561
    523465883
    408434373
    4342116329
    1891143007
    3157326112
    1546547268
    4403436747
    2816946279
    777994016
    111592327
    3907440382
    963978192
    845897750
    2345042099
    123022083
    4311465678
    1070242490
    2938321012
    631026976
    3336666322
    4139590252
    272070640
    2980053897
    2364464834
    3370614255
    301985740
    3330407255
    1641195919
    1546610773
    3171018999
    2203243844
    2551004106
    2891237848
    153128803
    250171924
    4179020842
    2968621901
    3314538177
    3290715524
    252670510
    821444047
    350871619
    2623405089
    2528252452
    724246668
    3311495881
    3034194303
    2598107084
    1653676969
    1396450615
    2313928217
    3346413173
    171423913
    1676602884
    99133050
    1402254726
    1657654976
    2966123140
    1926257718
    3426633641
    92805827
    1423207940
    179502329
    2258113897
    1242259254
    379764059
    383899873
    483353867
    520561842
    87280092
    3066745659
    2549976830
    3473878457
    3039400431
    2611441944
    2305222610
    2205376903
    2674029744
    1127851291
    186409908
    1680607602
    2529491909
    344746683
    1349988055
    112006770
    375268792
    770107370
    290900427
    1874865715
    334878715
    107508974
    1638041618
    493997172
    508966820
    2899591587
    3129388373
    188818178
    2523496124
    589957165
    3437152569
    2731503014
    2960645914
    4011874817
    3098740407
    1324206068
    1038165433
    3036215429
    525109491
    3305510985
    1183657676
    64744399
    1681533932
    898042435
    360017234
    177520137
    2698377596
    2396992863
    412741036
    526531762
    2504392705
    2597448033
    379901854
    259701093
    2402059320
    616331097
    893812136
    2972563905
    2228876561
    2877161810
    1069528064
    1941445807
    1201868720
    2772585459
    1583409176
    481284646
    2905511050
    546384330
    2342374136
    1320465120
    2975509383
    250671466
    2197036617
    15043081
    1903597447
    514174857
    275539992
    246500892
    257138918
    1958948407
    22902984
    188042544
    1924069430
    2519643641
    2299495033
    461380449
    2744408688
    2341642197
    2748336544
    350769850
    314507788
    4288749029
    464952433
    1133894918
    288660365
    2972055591
    3037447354
    156292689
    599118102
    3576148761
    2678602904
    603247428
    343999445
    2934973534
    4048411936
    3407640851
    613081551
    2747838437
    262214126
    2168629093
    273036103
    1556647004
    2867074273
    2722519794
    930665497
    457804992
    845218478
    2164585266
    351744536
    2815277858
    493976290
    2786991799
    1551222414
    2996962957
    2680466123
    2302832714
    2383353395
    2927241663
    502841628
    2910550323
    3601759275
    3102508655
    2846265054
    2440731635
    2759724516
    289923903
    2611236862
    3313150697
    550904144
    4174003773
    1060917560
    3366933808
    2353638924
    2349434241
    2682082202
    72057970
    3192162564
    2827599208
    3231312147
    2987128786
    2725663055
    585749217
    941177814
    1666455732
    2972118200
    4148055743
    190419046
    115430083
    1176663871
    3051098641
    3300777063
    3407155984
    474936393
    181124948
    2559445912
    2960075291
    3601601421
    2605941270
    2982671903
    2426216816
    470280771
    475836191
    2273658365
    2894978451
    360614701
    1586847606
    3325470935
    2868096181
    2436838052
    545914958
    2928084623
    2459670809
    2968194359
    2969874177
    332752268
    151441959
    2919536871
    3293418086
    1152443839
    968624460
    169864518
    2164754251
    2580665439
    774471890
    860295026
    2798477667
    2711483825
    448326981
    4319906253
    228355045
    2198286958
    192171601
    1590845058
    1241973624
    367917785
    274166321
    616893899
    135210318
    1605901327
    3236394221
    3410248804
    185668447
    248890172
    39366978
    320098922
    1593961273
    2589282207
    3158685781
    2735045596
    1482386144
    2643888140
    2494157168
    328078892
    405435297
    150307527
    3976243948
    3003085887
    3370379495
    633035311
    3221179329
    2862055177
    329656644
    558861286
    85534172
    243272356
    2722092348
    3009381618
    189522127
    3423906135
    523592086
    622091594
    2416594310
    3609560356
    1290916538
    262536016
    1602854515
    2580975799
    1039335595
    3031734670
    363052505
    407871341
    849706184
    3038986893
    1222734920
    221005474
    440287371
    3873081677
    327268855
    522581797
    4259456577
    517456281
    2471588366
    2439650640
    3988450037
    4121600901
    2342862587
    483809834
    3555968003
    358712844
    990061362
    293609196
    594492251
    1956342997
    2723921262
    2753074129
    2793771118
    2577005886
    2889499997
    169938941
    937493587
    2234964218
    3376034927
    2291058889
    1581678944
    1086811339
    2203595118
    1543730304
    4242642923
    2739366768
    1617500028
    3296203461
    1048237532
    2549428201
    1951750897
    3254639361
    227410188
    2983758593
    1389677893
    3982075588
    294108355
    3322630845
    126334959
    1944173060
    735384229
    1178393665
    2973829570
    2973132551
    1638947900
    1978170564
    3010269143
    186752732
    2746046162
    2417788851
    268772032
    869609808
    3058418768
    2972067815
    19096593
    4173598863
    636105216
    410226727
    379213183
    733726543
    1891644726
    1083736975
    2864478459
    2400031124
    1479316092
    934952868
    212521191
    225471258
    1978160756
    2961219826
    2761906957
    1060274760
    2171313183
    246895561
    57138220
    3202474484
    2587727457
    404702346
    792515671
    1394850595
    3439016259
    169226302
    4017702796
    432851920
    3029026836
    350434679
    151974386
    1704491178
    203547578
    4162923255
    173473608
    2456546750
    2696016789
    3007694934
    1536451423
    123040337
    3299328561
    319830803
    2314503380
    4359096493
    3859757662
    572514262
    592721016
    1658174167
    467511030
    1099206649
    381059819
    2970507340
    2865312922
    1478275850
    1484181541
    3417383351
    144952188
    74918716
    2204866321
    2431504382
    2364120360
    2778300595
    2372665343
    2299962522
    1280275940
    2934331917
    3295291143
    1975194835
    2863352698
    872472121
    1438064948
    96610962
    242845708
    3419449083
    1930740463
    2579261401
    1676931132
    3402683925
    751521098
    147138447
    1186476300
    167334413
    2243998844
    3305340315
    2721818763
    187505997
    1635904063
    701183472
    2457751024
    1582916396
    551500755
    3321747850
    2983000163
    2787766748
    145956626
    3075236333
    3210026955
    374742007
    793622406
    421409560
    3329063249
    1201554025
    375646171
    1613831797
    603995001
    3142970853
    2378991630
    2170912626
    616446355
    1643878032
    3059402362
    399284954
    3424684485
    2991089031
    2658057759
    2250546917
    1319211469
    1585882986
    317809033
    2971175259
    560427111
    2437667588
    3422831951
    591836345
    1680519932
    3437105631
    2595490914
    301535434
    349804606
    3726511156
    4296177880
    2420804096
    358967400
    3092486757
    2655992111
    3234007908
    1632358627
    146105546
    116903219
    2210026657
    3204595006
    2370705902
    1415733480
    140010743
    3001220981
    345462319
    70491947
    3357315617
    627490863
    228489376
    596885673
    2984637994
    2416167516
    3296045814
    373315056
    989283140
    4098207071
    2294630574
    216412163
    2855229372
    1679161411
    2971116492
    3428972536
    169973677
    2382214304
    288437366
    463752601
    122315089
    1573690790
    396712390
    514758575
    458740353
    4061793257
    3818024115
    2613871658
    2231619675
    1935172375
    2470749889
    1722811429
    350550898
    584945021
    179250667
    1632426716
    1917695100
    1033089822
    1376801832
    444519603
    288981868
    2180955201
    3124240101
    20363597
    990472777
    70980738
    1114864183
    2252631140
    299117166
    2969791466
    542809369
    3355188274
    3009733282
    827657976
    3362626240
    3046723369
    463291534
    618522965
    2176930934
    528923561
    4040135607
    1900573338
    402713431
    2356081242
    205413991
    556912918
    2391323312
    63472981
    2612773622
    2629357678
    494263010
    65164043
    869862655
    2388792566
    2973628389
    2337188606
    1945378628
    1522942518
    1344779887
    2235926450
    4236830901
    277907571
    114059948
    3290397091
    2325360301
    4110848187
    1492148796
    2157509164
    2391710642
    1473125502
    623785901
    2427271112
    130007222
    944005086
    3288657123
    590671212
    1359626611
    1593510259
    2766434105
    3150490345
    3011885705
    2333655676
    2642237739
    2215975226
    2879246450
    808207723
    220732068
    1053528955
    3388875627
    785567767
    2531456901
    2885122225
    3854431833
    2406593252
    259915848
    533438649
    219781587
    439421464
    99262469
    351056604
    4188400785
    166945631
    625860795
    2151075102
    395893413
    2392762250
    3342661211
    180535029
    3297122470
    617434820
    797049475
    3291648597
    172396209
    2998340541
    365767820
    2881542879
    2953491968
    215617250
    206294236
    2190957722
    4034359155
    4061102056
    704687222
    4195943248
    4037315177
    2256629689
    1586506717
    826644648
    3047833700
    2149115325
    2443680888
    583949489
    249362285
    1545893204
    529772655
    1098919213
    375190415
    3374072303
    2867915244
    3428411687
    2195009191
    2280273234
    2851094955
    382671097
    2798486650
    610283904
    171337448
    2325507188
    474808594
    1932186558
    4093372277
    247272326
    431926219
    2214266995
    3232836364
    3250131081
    1080376386
    2380297590
    2940135502
    2732713215
    3613128437
    62806391
    2918350924
    2876530565
    4127812894
    1312576830
    588273728
    752248598
    702773228
    1681958022
    3362295497
    377488143
    2443615868
    167397623
    2289067041
    2829678471
    1015254864
    2663870975
    3996059416
    847799665
    797277824
    368260456
    3300777449
    1054727900
    97219624
    65399835
    397825348
    1022865048
    4044409337
    2994405501
    3386382005
    222179918
    2707116608
    1702328203
    2425356152
    2539718693
    837591566
    1245730602
    2998329345
    327231186
    1631400187
    2540661693
    4240760057
    2780864389
    1648523252
    3364282143
    966847855
    1290798434
    308925367
    1020376273
    341686662
    3454078227
    339356047
    478455159
    342768539
    3216144871
    3233859498
    3171304480
    3247150710
    1035912176
    151889953
    334763592
    24974506
    4060164269
    510542519
    791518309
    122947731
    1399462716
    945706214
    3119437846
    913063140
    2582386008
    2221229771
    391321773
    165391934
    310545786
    2173851555
    3302504663
    3423713783
    111895046
    2394808123
    728689939
    2439522682
    3357767633
    508110457
    2727151513
    563046238
    2569281725
    2255527632
    1156640052
    192480771
    2371285371
    3814750821
    3406939757
    3151343818
    4296025821
    3077121820
    539312133
    2881310152
    1701802484
    410652889
    3438284025
    2942240261
    246299893
    2306684263
    3422005083
    2701915226
    520696040
    290704940
    3349357925
    2982404955
    361457947
    2554612530
    585338335
    618765796
    350256011
    3006157637
    1952266610
    1587860130
    2878087420
    3008789944
    2615435250
    522549528
    2934964481
    2198159668
    901814413
    4332450867
    3372771459
    1954639218
    607512625
    540256433
    2694892732
    3103318793
    2684207603
    2305454990
    4127989295
    2973105928
    1172771880
    2938285583
    2362903424
    476582389
    2242374117
    263633988
    2711650013
    1242084404
    344786552
    215596373
    432896769
    2726362402
    3032553637
    467579585
    1923758377
    1457257494
    785686112
    1904674266
    1440908094
    247188350
    1441958617
    46142925
    250230176
    623566436
    1883352842
    1028589884
    260228119
    1631161171
    326858609
    728902273
    963018300
    321993257
    3382810581
    411862555
    2583036121
    338658580
    3410892195
    2736929004
    625448431
    3909900028
    2640208890
    147568282
    2993005411
    4316508741
    195182571
    1688109283
    353018436
    617237971
    261587004
    1832790354
    3791511735
    2316301054
    4003549096
    738303206
    3158787604
    3102798785
    2196789193
    795932042
    912301382
    2985371031
    2669460129
    3269870887
    179185280
    2755811879
    2971654348
    489836103
    621714332
    584557262
    209093628
    2222735785
    378525719
    3315231327
    2835522647
    3910855401
    2465847691
    254665583
    258016188
    2625344213
    162321255
    3007134347
    3434390356
    3007681529
    1423987968
    2760218986
    1934255089
    185312839
    1542971594
    608597007
    97100721
    2154609231
    2546258808
    4143974633
    265382337
    247757786
    3084400354
    3196440495
    2324491441
    2896250219
    1640263166
    436671116
    2153083628
    3654776667
    3318940192
    2843902903
    3304055175
    2359828262
    2194680492
    903814920
    333229458
    250480941
    627527402
    3331252259
    2437191073
    3246830348
    1492350175
    315397717
    820062067
    305830210
    145730033
    469255380
    343922275
    294641488
    1524476442
    577330654
    2611760753
    332844189
    2785381847
    192792647
    247829583
    3204490773
    2960062001
    3924235752
    3863061855
    2584528243
    2585582018
    294460920
    490661586
    587323390
    288152487
    2384185327
    966720097
    1915405310
    2436082410
    3793232057
    1972681286
    618306008
    1459141777
    4137136366
    1961288473
    2458492269
    2800417864
    1630400654
    3061661734
    385054679
    3188655855
    324417461
    3027211699
    554030238
    50143871
    241886258
    378530253
    583621750
    411625908
    2971225234
    221021888
    1707376693
    273607909
    2545337038
    716542243
    1918120195
    210676987
    143550844
    1573582868
    3032734595
    3362723020
    297848081
    3356631593
    2303596052
    917420306
    391404662
    2841175925
    2191355239
    1216597789
    235542734
    3127351265
    4299391581
    129198327
    1309825765
    338474924
    3288899205
    3423853613
    2606297052
    241215767
    330974556
    2759541930
    2882824072
    3331925080
    11391572
    2273290688
    327265862
    3029705801
    4008163216
    329275751
    599530012
    2262151181
    576105385
    2740508006
    252451194
    169483878
    2867922484
    3493529183
    2215959830
    173940745
    1451509333
    2407562685
    463575379
    2911781733
    2745898748
    1978476559
    326786932
    3321340642
    3927900195
    2714165113
    1055480587
    240338094
    539079427
    2921933033
    3016311711
    49413866
    2724587206
    3350082285
    2467874167
    211793678
    1361386057
    379186466
    4238316345
    1272078102
    3831193115
    3377812504
    35761697
    365791870
    2205434805
    3035054175
    3033518763
    2200501620
    1256678851
    1024813148
    1920334392
    211527207
    2829971999
    2888120385
    3297459865
    4181246853
    773838612
    2822330321
    1322935818
    1376708550
    606401948
    2251555020
    1598683274
    4159520775
    3178061260
    374492193
    3436772290
    359326267
    522566899
    2803502875
    3544267817
    1157220961
    2358530910
    3025004866
    1428234624
    1410151418
    1629120727
    878520650
    441116657
    1273292742
    2805920490
    3862995983
    2336464597
    151999914
    2994886517
    2637607841
    358646737
    4083341751
    1217763811
    3822668477
    715196094
    2742679974
    2606999273
    310303091
    3315790817
    167767662
    94398200
    4171167695
    523649238
    2338749487
    1696206199
    266023576
    851452711
    1482186636
    3349349440
    360275809
    3424542807
    364225779
    3147613042
    354239660
    2373976460
    1535388674
    3293287270
    2768149304
    707909236
    938651857
    995680988
    256417881
    2154878655
    2326149776
    270539386
    169914870
    192985033
    2958376539
    2864307970
    1262816316
    3988649475
    2154731840
    367410336
    2688205276
    2858184927
    287703082
    939903186
    3074784490
    416588816
    3359208215
    2578733280
    2725086688
    2918190599
    3916785387
    3375660073
    555734980
    2226773390
    267587773
    2722250957
    300828437
    1156308895
    4235995827
    3962418135
    3402849970
    2941984372
    2873962606
    3399323877
    2199924973
    865052244
    1510065973
    1126367150
    3016192312
    2499721962
    1811781986
    302036757
    212976140
    611761312
    739336446
    2310192475
    367275650
    385373344
    419362155
    1030016136
    1848206809
    359205455
    571570919
    2676251083
    2632353503
    2746510296
    2826113967
    3042213130
    1198456302
    113175003
    3235285580
    353077624
    1443246636
    1433828743
    912735194
    2850843643
    1590467791
    2428907564
    3144690053
    3093275416
    2855317834
    3710074426
    3437602829
    495160393
    3395673568
    287306874
    2549982030
    2476780904
    3146523905
    322109034
    354168033
    3728169263
    179579873
    2370978433
    611632426
    1382915934
    165932456
    1694619444
    2301900877
    178513820
    3015321293
    250266982
    362104936
    2900609145
    320849064
    1542665858
    1452213806
    3297649358
    230129226
    3369946313
    2314219393
    3040424187
    2537498405
    4099277247
    1885495020
    2355356179
    176389378
    170809636
    354861870
    2298432103
    3060362404
    1633414226
    2594738034
    1292662626
    3890541808
    3215819781
    819479401
    2978449427
    3024473783
    2547998804
    4095126377
    2796744571
    3295149681
    2221633186
    348113225
    1734555402
    3376862181
    3418598776
    439183170
    305019782
    3865063648
    316969328
    3384902549
    2298665532
    1645039826
    2353559364
    347870669
    4024820013
    972720626
    370906745
    3388837013
    4315663109
    3069626375
    1927885411
    85812259
    2743392033
    1582957128
    381705863
    3791207374
    3254556851
    992558480
    2459600947
    88707118
    3051455143
    922877690
    4170754217
    1125776881
    2277330242
    1299949620
    84860555
    1395451537
    2539668027
    580877520
    3062143215
    2603490865
    718210711
    541916743
    2751082937
    3198074125
    174697284
    388320125
    4415184333
    600957259
    3387717099
    346532861
    2980909758
    218062002
    2680574041
    108622124
    353926641
    2831571737
    3289925734
    636872086
    127603754
    436159400
    2475093523
    3290525964
    280222219
    703398907
    1426236380
    496172084
    726425899
    2331473859
    3642919817
    2272918549
    4269138972
    212748721
    367805508
    2629315797
    924090576
    2488861736
    2415256361
    231446360
    1978032277
    4294778597
    110193375
    2686894831
    528402565
    2189292585
    3994855961
    407892472
    362629270
    2382327936
    1076120850
    3041091933
    1024647181
    718952304
    2221972270
    196574150
    69343678
    979020894
    3311746029
    1604415794
    1773943573
    273447885
    181329849
    65058289
    3131243759
    3237262000
    2425690218
    207098502
    1639808972
    760191308
    3864581117
    3066035577
    3323961659
    3805970592
    2470401523
    2781493327
    316989819
    225525127
    543295460
    962777340
    254066319
    3126540034
    876462932
    3348080926
    2742507569
    2390684180
    3095781699
    1944384607
    2371125795
    1466665778
    3034928373
    2996499230
    1148499853
    1855559690
    501161663
    2729906749
    3273394406
    1407266700
    764093298
    75860851
    2451652477
    2584637778
    2338841191
    2651831600
    1642909448
    160506167
    3039426694
    3314777998
    2799115761
    2298527312
    1546276094
    513491711
    1557741074
    622094868
    2350664672
    161267541
    2156917971
    495047832
    290969869
    1345885272
    3228625347
    3408859931
    2182748052
    478006246
    3070448163
    235707693
    1927796268
    3312173518
    593886883
    413392483
    2710557906
    1035627025
    1668094014
    2595023312
    3298272783
    2795810516
    2260053332
    3015256918
    4117201234
    2337018355
    2870455036
    1263856441
    769416122
    963024210
    2504615134
    2581919408
    1610444155
    3368494593
    2809138053
    631249520
    3339771107
    3307849359
    1036445282
    597229285
    19188319
    192116190
    449635587
    1871761123
    3699115283
    2648978563
    180305166
    2506642802
    3679759102
    3420745361
    611922916
    865997256
    2538316141
    217919205
    2830213960
    221045719
    3587195541
    572095559
    341436760
    325544221
    605741417
    347177210
    3438381557
    3331254785
    2399836327
    1447081579
    2268828265
    1281422202
    1102039238
    260732283
    2603618276
    219970593
    334532216
    2737204583
    1125214304
    239389613
    1657518337
    2374041514
    4049257215
    2242462752
    578920551
    1654209847
    1355263118
    1949585502
    4019419246
    3523932193
    1651440542
    1100774156
    2152360265
    71636309
    2845500555
    877466930
    1535295320
    1868284752
    2175764572
    220323539
    7436142
    354051653
    876302432
    21872967
    352968437
    2794737057
    334209838
    254519918
    2713364704
    966677941
    2396211721
    194639598
    1524294078
    220719324
    598645053
    2879724857
    2322842587
    290684931
    2512570956
    2193066874
    252934756
    2190969048
    3351728511
    2751995868
    1937309642
    1101739484
    1499530939
    2323715674
    1931579713
    3364889915
    2334021182
    3191306207
    3222629613
    349890702
    108574141
    3501683663
    3391690186
    1423996596
    1565522048
    39747684
    477848475
    235262991
    246480954
    3083498259
    177912037
    3395990170
    1593007488
    2367064849
    1913463428
    825414235
    2399739127
    362688414
    1328415846
    356052810
    238235697
    177318452
    3302922009
    3255782950
    3036652425
    109636321
    2463614558
    3299758661
    3387282165
    2911054647
    3202373537
    800967356
    3123253707
    394704113
    3415291445
    944320470
    135820750
    366553098
    2340391028
    282742980
    147220114
    2270714677
    703640791
    415815027
    2932663019
    2559278725
    155546766
    1451045071
    185132776
    360535340
    3377296437
    631916402
    3908620947
    2158670500
    2347155026
    2833740191
    4151218409
    1341369282
    3079835716
    4251792159
    3833749185
    548587442
    600989778
    4092529516
    2400551222
    2571221626
    1883447503
    2184963991
    3490796057
    2746157751
    2448066702
    2370588983
    709752929
    3354986698
    702980893
    3333265319
    2933977660
    4203449499
    302793890
    299726315
    2855093482
    4092031072
    3405926260
    479807464
    1577789695
    478336512
    356841697
    3366385594
    2819385041
    1095412566
    1658209854
    4178717932
    497782355
    996827232
    2728264865
    2324289629
    1547647254
    104012370
    2166999233
    477676504
    329754829
    206834828
    357357709
    2933965211
    1102223514
    1599366162
    2980247369
    3034649302
    3295781565
    2972130087
    820441508
    2731960560
    2394523800
    581888630
    3110629413
    709149266
    475775027
    3128861703
    1347261186
    331287214
    600916470
    2792992216
    380863993
    3008172520
    3711034271
    147518360
    2868976897
    2434049910
    2851638682
    2159877058
    1544118481
    2956234085
    89290843
    2960585584
    173422362
    2692285801
    129580121
    3970410863
    2185923850
    875141606
    3832740856
    2687282425
    144165348
    3833816056
    800892259
    247844184
    532595540
    3147595642
    2824798000
    1685971255
    634931697
    1663590048
    510148897
    298054248
    2743146607
    1830469958
    422592281
    3438348447
    763534950
    102363524
    288904590
    586828594
    245793821
    2263381494
    81151153
    735881612
    2714642946
    1893454519
    2938407856
    1345273177
    3331563226
    2257837385
    2829488102
    3102676319
    2979375220
    2981976593
    947270192
    483114769
    2769395113
    1227159030
    101856352
    3099696147
    416311527
    2593105687
    314283168
    2750034367
    375593002
    107533152
    2762136977
    3366795569
    3404171314
    1728808051
    1901077644
    542515790
    3383226885
    381678721
    521594852
    2992615401
    345913071
    1283920423
    2980365382
    2763959199
    1938029149
    870342438
    4134021904
    4121277509
    310494156
    3281044007
    4149600509
    571112106
    2225937461
    2738453415
    1408393704
    3306871625
    3827855711
    2807720493
    2895122759
    322624881
    4104942453
    111271326
    297974732
    2759836847
    203618088
    417089722
    1026821226
    324260310
    227817619
    2980431791
    3100178265
    1116533646
    2216134147
    2745009490
    4034496077
    2581876738
    2855198806
    1234800440
    724882212
    2844027682
    358165498
    1551568783
    3015231675
    3403383687
    2763648000
    611664370
    2660843198
    1131928656
    2373874824
    1352179400
    3855998621
    2462081239
    3935978355
    1400313642
    3093958382
    2222972654
    3436698370
    1278805632
    1858492898
    3742157123
    3301779815
    68687646
    2374111021
    2744489783
    245788885
    47302967
    334013112
    3396995093
    1545615260
    380015112
    122661151
    1729749295
    2900420397
    185156384
    2957455683
    2739417391
    1040949932
    2896529507
    2772113794
    2520185389
    2739502472
    983331548
    2522600730
    886230144
    286713624
    3383501176
    252176292
    142398133
    116175974
    3386282944
    340409542
    3355984499
    3554580136
    2960201439
    3035929732
    215383385
    3124494094
    2957173480
    158466591
    2151423914
    1111004832
    3360366016
    2973759808
    255509620
    88728399
    467424399
    296959183
    3880774817
    1851062461
    559986114
    3707457675
    2632312089
    346069845
    85858346
    4229626882
    2180935467
    3399337515
    2315012513
    1884372722
Cluster 1:
    555352326
    3287004620
    236877928
    109211890
    439927352
    1242053784
    2512796474
    3369246875
    1073702852
    1039151533
    1266527143
    3147519339
    628569633
    3022304427
    2158684107
    1288229437
    2614326271
    3114476637
    1836049338
    1296116064
    2498808492
    87758413
    1602042025
    1604378126
    3252924822
    100239825
    389598998
    1053172921
    113882712
    4249658626
    404314282
    2530109125
    2281582142
    2859428415
    2342329790
    331380967
    588306320
    351703559
    3005559517
    101498574
    40078067
    3410111453
    715311002
    2244053928
    387570655
    110975723
    282908448
    1351000056
    346793258
    598735831
    70943107
    2362612702
    468476309
    1462746116
    2607298292
    280654737
    1036804267
    2161004725
    410146116
    1073855208
    2504071340
    1528420992
    721732010
    3350707371
    220179187
    1687245769
    266119786
    570232504
    346461219
    1188015962
    1623755515
    2521444242
    302542412
    3027563900
    1619802576
    1675427124
    624015529
    89347786
    2545134549
    3241595554
    1709862817
    1505096454
    2535245560
    2974499674
    2970975184
    251278848
    456828231
    279116763
    1498240076
    65758383
    3672940695
    4091531302
    515905334
    3148579512
    131816489
    599544154
    970146745
    2635498745
    263544981
    2946344229
    2712581751
    3086779991
    1660717974
    1495672165
    3404898406
    143606868
    447039521
    258314811
    310932861
    2993333110
    849657505
    466442636
    2809419128
    351838105
    2305202215
    463250791
    2540203852
    242661021
    617514800
    3252360789
    1538572212
    365071202
    2767304713
    313904398
    2273659490
    2288432653
    594159750
    2902705205
    2383269806
    88416501
    2395324188
    2267557668
    3129769756
    3920250869
    283540083
    71135181
    15726358
    730398512
    136316863
    2575307454
    2760901514
    597759264
    2659714676
    602101792
    1086849355
    1335864060
    817618680
    2729160807
    2459594817
    1326436280
    2522045549
    1629146268
    2870248607
    2876536233
    1857750902
    476734799
    542696173
    432734628
    941390754
    263081539
    2237521411
    1475400798
    53082970
    400663207
    2209327525
    1736763386
    188625111
    83879550
    117789366
    2201968153
    294786344
    2260618986
    2263173437
    4051415595
    3178808283
    374687687
    2197765860
    598731408
    352606138
    2825588542
    483897195
    2162697578
    170422844
    313378228
    601076740
    234072775
    2924716454
    2196344012
    488455437
    1498727372
    168239875
    2575258305
    2670699086
    311479662
    287212249
    2949458925
    3017069913
    2236414884
    1072428558
    518485666
    1541562092
    2964642574
    3040361649
    191630445
    337742999
    952015958
    2364644426
    2809349988
    262666316
    3436096240
    2505010782
    172493305
    618530855
    3304405935
    169634370
    2898212914
    318537582
    3071955973
    518973405
    92301257
    2325870038
    1299723656
    311634612
    1641234504
    536661814
    1436607174
    2599572822
    3332800690
    1052167530
    2935998736
    1462300171
    3396376887
    1207975134
    268204801
    2719619138
    1172753810
    317164717
    2460680163
    2792301689
    517705749
    607797788
    2812766203
    108565566
    3364823901
    2158758676
    2401895079
    486901567
    993847639
    360823456
    373449498
    2963506379
    2938305713
    2401293894
    1434896420
    1548370904
    1861204614
    2267875796
    3161374493
    317683439
    223543540
    925595678
    703440270
    2320460622
    395922044
    734639311
    492236640
    160883616
    2916294209
    568499476
    182957343
    183174185
    294310146
    2910629018
    3502026873
    1618438892
    513133885
    460412560
    163179230
    2745318935
    720360150
    3423084827
    1688766882
    838419420
    2921801289
    195248271
    1630352034
    191084990
    3305342979
    2796549074
    810955668
    2475570504
    1084063081
    1413063668
    447728549
    826821032
    1465378735
    912160076
    2747699137
    2789204489
    706896932
    365612456
    1002369912
    1017600385
    2203497569
    800804174
    469741656
    3244520934
    296484566
    63449806
    737024012
    318252125
    2782314309
    1063572337
    2263000765
    3357780340
    1193624515
Cluster 2:
    549299453
    2225569652
    3213888061
    99920504
    962157175
    325202935
    591212457
    2957104721
    3094273611
    513462238
    374777888
    958315268
    633543506
    1484210136
    1399265408
    1954078459
    875816083
    496884263
    166939118
    3292119438
    595217035
    84298082
    2777778881
    3425721471
    2645804599
    302463157
    4257724342
    2856601803
    323887227
    3136480097
    124713317
    715792733
    72340237
    3288909941
    3031378535
    14368523
    3340073601
    312803131
    1020301992
    3298547118
    701040678
    3630935961
    302753631
    615014168
    2326813289
    198988459
    2515261112
    362394702
    2555882891
    3381193702
    2242052052
    184951600
    191929239
    2583611666
    180734447
    2178348663
    16350098
    313523215
    2713111508
    3046869604
    498268820
    67782721
    3238545742
    47361215
    1447308949
    2790210783
    602089864
    1489772490
    2835573375
    1598814049
    2763990897
    94543804
    3348471088
    3390917998
    601306164
    3803930957
    2752336899
    2744624881
    2938193693
    164423285
    3008683871
    1128843282
    4069231696
    955385898
    533173523
    943861890
    403256111
    119693452
    169250934
    418987407
    4072471521
    3153848183
    24721675
    964096082
    556120698
    1093202617
    92472548
    1260334831
    2396728008
    364582589
    852365676
    361016591
    4051763956
    1613531456
    2735340255
    745158001
    836038622
    557282181
    476601019
    3300297072
    281184424
    3361367879
    3366537226
    2583717846
    3404802670
    270549655
    22507731
    3739360763
    298558302
    2879963656
    615027541
    722015226
    628201721
    74966062
    474215081
    2201958762
    3227563521
    2228768909
    3071667634
    565293173
    477816249
    1253711234
    983537420
    3367415475
    2344800791
    2481551154
    2268022429
    2436176102
    3378494092
    794310098
    3950089402
    54206223
    1299624462
    559947297
    9940162
    28299136
    1517489210
    2532725314
    56677864
    2247306462
    214652564
    3351161391
    2900361317
    1975069507
    1349475858
    2194392413
    231030962
    4195705053
    3075367833
    2311531650
    136590261
    3385870581
    3091758783
    581807102
    2430709700
    2842169043
    3068173377
    634468201
    934562173
    58407523
    3078326447
    1474876902
    3398726212
    466630992
    324481046
    929942766
    3381473218
    1639133239
    5815822
    3997398029
    3321801070
    211684261
    2841802223
    279293132
    3015647955
    2915645675
    127479796
    1548822788
    4177865931
    2850138503
    615519885
    3229925574
    2420948258
    1849647348
    1012831758
    2874922126
    148495566
    1633105332
    3329169970
    3107704384
    759982369
    1085441888
    136990748
    244140480
    399990027
    3087443019
    3326878135
    2872037660
    256200684
    363549964
    2761142422
    3207368289
    128002333
    3431883652
    2666037986
    2749387965
    3165994581
    389447363
    111748171
    291253844
    317699828
    185119542
    313677526
    2802822142
    2619169499
    754047673
    617966169
    533503855
    3622459217
    203093553
    2451844068
    2612590055
    299741913
    195258707
    1513513200
    371243307
    3024681977
    2206811889
    3073369823
    3252977292
    70230591
    1851998556
    3241054852
    273371515
    42435705
    2359574409
    482850696
    2719590322
    146162523
    233529599
    135271951
    1260508158
    3356665432
    2867596667
    416385641
    337981036
    254725531
    584999445
    2591517103
    2352011512
    2863797730
    3031557085
    189864979
    724678592
    2329818962
    1344306576
    2634543665
    450830049
    3186505785
    2725685620
    179147937
    168540037
    1403361318
    321233421
    1387572362
    1712178324
    3246596763
    180095201
    262378085
    454719964
    17330060
    490719138
    64302990
    2482005667
    371885618
    303331737
    358819747
    1603984868
    390689039
    2752613506
    2585655216
    2233394754
    625446658
    563134887
    509025391
    3612492021
    2485807329
    193716940
    3078061755
    534504734
    263651300
    3378252335
    568130476
    54686996
    2419069290
    3388565661
    2177366152
    259311273
    2596297986
    2899685248
    2482298447
    1861164042
    98930459
    403125888
    1618806926
    3618417016
    2426530403
    276099109
    2341859281
    399612291
    2440759892
    1550040427
    92470968
    745090614
    42961258
    3396261353
    4164020277
    584932383
    1413670405
    3817114408
    4121786499
    1681742923
    2722564166
    170410348
    3345339599
    875447113
    2724442805
    1621309772
    263159747
    2446846861
    3290116406
    62234577
    213247082
    3289254409
    498555275
    564150455
    3300363779
    1604698963
    2179780495
    64589412
    131658981
    3844970026
    583841611
    3073041929
    1109273076
    433988777
    942410124
    2768219613
    952228838
    4321867955
    356256272
    20021607
    546935740
    2848185939
    3121168263
    2455826729
    2272927957
    3226555727
    4189669461
    228583508
    717779248
    3354907641
    2279598097
    3352631230
    3384938062
    1323011630
    2842725790
    1691056088
    2755872780
    207030266
    97868347
    817473128
    2425894722
    1143525648
    535783541
    1085938375
    85128782
    3439088289
    1601281896
    1706502428
    439051208
    1525887774
    131874103
    2484791853
    3226094019
    634037718
    2402702973
    1369139551
    2978104215
    2872970685
    170685207
    247920090
    2828173295
    852929497
    1904791956
    2380673328
    408013988
    3298439255
    374389230
    3035579195
    3032390818
    591779388
    290468553
    979240074
    3227019241
    3300538977
    260288287
    3307103924
    3297947148
    4249066157
    2916181084
    576604947
    3069960579
    4367146277
    3362515989
    2595175385
    122864090
    2940374439
    108911398
    1916934716
    2686039536
    1632516524
    3319720085
    49617734
    3187701995
    928218709
    189833971
    2891382244
    2721046503
    2822662343
    125619789
    478452606
    1031170412
    4144404543
    2345557231
    457734585
    1318459621
    988714100
    2297813246
    845083844
    4234852829
    2388494564
    497244729
    2537845640
    2811563168
    413213719
    4305116235
    798969428
    337817237
    4026012256
    221398354
    870653330
    3419983959
    3077468145
    41044925
    3265517838
    3363850084
    482382399
    3148830663
    2453141542
    286670217
    3235788747
    1013577840
    939967920
    949445612
    970828284
    3185023357
    366758333
    4272619996
    252890019
    2262579225
    716350676
    2715625227
    600989497
    2892309713
    3149037273
    3076075011
    497820899
    3196220603
    46330469
    3322072421
    3323794635
    245257064
    79169235
    139858307
    3325334848
    1516514155
    307378883
    278560307
    1439457948
    1944371438
    2966078363
    2620191671
    2295967157
    222463496
    2592536796
    2580454238
    286196811
    625798769
    3102435003
    52082084
    2430871128
    7728902
    2677973076
    541491041
    179574150
    4026459815
    2189473083
    4034268261
    4002244853
    2971057233
    3455922795
    2593298618
    122956701
    2939560127
    3600606197
    3241125327
    2488078981
    1596156925
    328497085
    2738454764
    2206023839
    173098167
    937419566
    341763067
    2271669558
    396688842
    489710255
    634033514
    2637875704
    3377351452
    2207376159
    2602222911
    335264025
    1653700680
    2455331540
    1546088592
    1721962142
    3340909239
    4151704755
    2786674364
    3502161255
    2231774983
    279232207
    626498995
    2255537514
    1025225232
    4256629155
    28777341
    1477584895
    3473858663
    65413953
    460115351
    404710533
    3126640209
    586887586
    1250147502
    561471093
    3861028283
    1713276229
    2944825810
    1226113022
    2265784184
    68711224
    350860416
    3080722513
    1289824982
    598635828
    596773729
    635728486
    336059400
    3805974633
    4250542523
    2317755883
    1631655380
    2879854458
    718808977
    3300465635
    1546118750
    1104198996
    3037376349
    42455909
    1139800824
    2821216036
    963577566
    2389556905
    317143683
    1552781822
    2241969309
    2160710648
    915099600
    1370375528
    21467773
    748027134
    3332383258
    309295774
    22810914
    3906206233
    564827773
    2977849969
    58514028
    2705971176
    2530225700
    2679885790
    617244894
    3039193804
    154424431
    1523065957
    2156544781
    2814827618
    4407737122
    3481635555
    921563582
Cluster 3:
    2904388450
    2906982575
    154084165
    161264571
    933002544
    2901395277
    394607484
    2725754075
    2330556342
    2543173248
    2999730435
    317020804
    266708905
    532622371
    2944380851
    2990172322
    3331304141
    2339982931
    63650956
    284197419
    1527599071
    3299747698
    491391151
    2284206822
    197763031
    2651603614
    2910909909
    2912603141
    3134061368
    4256729247
    15131310
    2479673797
    329664593
    3447047295
    2544726052
    3384353662
    3296824013
    533460867
    253225757
    353618862
    627699106
    849615174
    1530683538
    2826064283
    326603254
    113318393
    2922775330
    35537333
    2991769186
    38653125
    3070575089
    174012647
    4111416009
    1487029112
    1552546122
    871837513
    2866470545
    3035395109
    575195630
    18641873
    389075561
    2954602685
    945754578
    2907412119
    2547652892
    2907760995
    861823069
    2940865863
    202759488
    3011134606
    4096759101
    3367982957
    294610959
    3183051028
    3213143021
    1062866035
    93176380
    346034361
    2962217824
    2402028120
    2928740066
    2942254602
    2446079353
    1004805584
    570336492
    2300189548
    1568547182
    352266579
    4421397923
    2463706628
    3127655761
    313901557
    4089560968
    176409205
    2993943503
    774800023
    1371551582
    1440844183
    2176625795
    312197596
    866140447
    3405554333
    2841387832
    2507652594
    829874251
    143182913
    3092798447
    3122364767
    108245870
    2250923128
    175715505
    3327820120
    3688856835
    2429651325
    528400460
    609587253
    824659850
    617057268
    3239504860
    1538867036
    296825702
    3022806693
    3436727907
    207975177
    2984193129
    1879287038
    4309512207
    490744246
    815307050
    20594031
    205164568
    4188491723
    2391404364
    409893582
    454633187
    7864042
    2826432385
    3197395819
    3424819797
    261828368
    170380480
    37249554
    3095311595
    2731439133
    3310317899
    2758083826
    24411256
    2459610476
    344034700
    951528307
    4344082955
    10481032
    315367295
    3042080507
    2385762811
    455747428
    1555906920
    145746622
    3769437372
    3372023555
    2760717842
    815883512
    3225096185
    541117972
    430932605
    56063244
    94445320
    910924320
    274986690
    526078081
    271910789
    2769221277
    238745148
    1346957852
    313078026
    3291590500
    3055611081
    386509223
    982393104
    165442988
    601235850
    2900334041
    2246053343
    3726733942
    3196708022
    547795004
    2742876387
    373566465
    4339708273
    3364979457
    593927371
    590757604
    3201868810
    598514841
    2358359080
    366251149
    2669655925
    2975409245
    1529658031
    1626413712
    107390400
    27120158
    2762152559
    856407055
    2273422453
    1454783936
    1867183741
    3314637141
    2821121795
    183836933
    2822664661
    473821966
    166733736
    3118451638
    3889900397
    151164889
    2801681222
    15811331
    375668090
    3197954688
    2249357941
    4127901401
    946320468
    3383776695
    1605437725
    1335167659
    3125353127
    2456785050
    28075747
    363149470
    2806378615
    1233714206
    526335284
    111441775
    2252959697
    64370537
    3370505999
    338562140
    1016287266
    467693084
    377006158
    937881757
    1070929081
    124809546
    260523380
    4402177947
    3436834030
    2353939545
    359045256
    79455055
    2973448738
    1517593416
    339589927
    1499904702
    2605561754
    557230852
    1445912359
    3364000271
    447208948
    1487177491
    345361182
    3077397766
    3064390415
    2427906903
    124284628
    208988759
    593693019
    354976053
    323229366
    261449189
    188270627
    2982954179
    2197746062
    113323309
    2901287428
    1432319040
    1958800195
    110265883
    1334598619
    72960253
    3176793380
    477628682
    174480000
    381160301
    2540481647
    3891461764
    4295503997
    1024755355
    2482725231
    3323865640
    107339529
    3217826740
    10500282
    2944942259
    81155466
    75578571
    3502748847
    346240744
    3004022096
    317997418
    3395880821
    130878291
    499069217
    3188256308
    488836882
    4359167056
    3033768019
    857716410
    4354274895
    3084967558
    3104051141
    2478706106
    1102201808
    3577878737
    1481901013
    33694009
    216068050
    2257380565
    2592932847
    800354305
    2537876150
    417303815
    2462312177
    53205042
    3720453741
    4157761594
    359041238
    3253268878
    113396696
    1465142917
    85197446
    324825066
    2626259022
    2856729575
    2161812136
    2946439659
    786809167
    52694006
    3148277471
    149614610
    1682111138
    1451978288
    565706837
    82837550
    2516261324
    371370832
    2458412281
    2790995459
    4343143276
    270461337
    2435726677
    231074497
    3420454719
    949594794
    4355289683
    2417412960
    286123711
    385830329
    106526149
    481402413
    4126631601
    3428294218
    336221740
    3277225658
    2997826481
    3335483829
    2681185677
    2892391985
    2938725995
    2999509744
    3199204961
    3014561440
    3300268084
    154430919
    1558344505
    2900999931
    252727643
    220331930
    300975176
    3410613563
    3301958062
    273993679
    2175795231
    18046190
    21046648
    98095743
    4403560157
    1009705339
    2570685350
    1377256711
    449154731
    29551004
    51357235
    1528879980
    153966123
    362973608
    301074582
    2869639326
    1491313447
    3024695254
    2256853088
    437546320
    3971371773
    3061304517
    2827984244
    450800173
    2933391357
    840444691
    4133915272
    462036771
    263884914
    3001131724
    2607744985
    545918705
    492025628
    627477758
    3313785287
    702853498
    3212341527
    4393575688
    330239523
    379728405
    2195685213
    476252905
    387806203
    1006589774
    3137368605
    2605551565
    2659575740
    323852414
    161656216
    4234776208
    3491587943
    2161799943
    2291856706
    1931016404
    2245726794
    3758960895
    2879623271
    202658690
    2259183978
    3235303661
    190229122
    3917964508
    180089251
    489678990
    2265140913
    3869771663
    2496764412
    2988667449
    184159351
    260198092
    1421821610
    146772420
    405728158
    309549070
    140498407
    458252309
    2859075250
    3303742661
    3336989643
    1573918986
    1452462624
    3346044539
    1521972223
    2535227397
    3346157385
    240165835
    2330086669
    3187324859
    302004073
    2971186659
    4415961988
    1971675356
    3213413475
    386590388
    377273958
    2805594977
    2926823673
    3096967137
    599052947
    2930437397
    1642304192
    560455516
    2508954094
    3910056855
    248545747
    120524577
    2348908273
    89395914
    1924665794
    212136838
    78533232
    1173033997
    2847210595
    2342096316
    158454244
    3044762416
    2422527842
    2265859532
    2998189882
    2328777800
    33647270
    96761383
    160216623
    489497172
    2607947264
    745648549
    2294884362
    2986125509
    3344197612
    2917673555
    190554350
    3119710485
    3168617110
    440006978
    61759478
    196689130
    617591433
    2955261947
    1730916492
    1244602526
    4217366068
    714318656
    382112933
    3179150776
    2278190659
    3361183864
    98716118
    4024415753
    567502972
    3233359220
    3685997657
    1075409490
    1334637620
    165721842
    225031065
    1721454476
    981155904
    2823042441
    4095457539
    3569238261
    2466647134
    1887129828
    3131564555
    323466991
    3806597595
    2903969771
    72111322
    257216039
    22250153
    105153641
    4408808895
    112099129
    3224466069
    184881437
    2514937900
    2874258073
    789937777
    4178929701
    568841990
    3501526157
    261567507
    2508257843
    3110945746
    184849717
    343307035
    2954799555
    472152994
    172277441
    254947476
    2634846059
    2596768280
    600418111
    304638608
    426642471
    2766157650
    2797642165
    1568904481
    3304022542
    561340826
    2921725977
    2885664784
    164217387
    2547672367
    20254407
    3346749364
    1934527188
    881016150
    818970716
    1080721734
    2915401799
    190986620
    279851453
    3312246351
    541838728
    3256719473
    468687100
    4376016196
    3204924898
    270574722
    1000375686
    2993593815
    1828697689
    22539217
    2772495927
    1867131559
    3385881161
    538432084
    4396080076
    114854521
    169052712
    374698659
    2514330946
    613958784
    1546693346
    2931354655
    262832181
    230478134
    1478600533
    155953806
    2279239798
    3074256909
    324862768
    2398357014
    3044613017
    471037913
    946175460
    3919911323
    53376853
    171582287
    15452672
    4379573832
    3272216228
    322689619
    2856366489
    2779413930
    3854230277
    2989391783
    363073087
    4083332224
    967700605
    908690311
    248604331
    722695428
    209055265
    2227103071
    387211173
    156064769
    3247961866
    793724874
    3297740414
    2515444739
    3424749095
    4121658773
    3308674504
    3929267897
    1638757411
    2201737660
    3901645280
    2914193788
    4028158154
    1164308760
    2395763072
    2814294546
    4013103141
    2903604785
    36922128
    882783242
    288156524
    759040292
    3158202804
    334026247
    1854892310
    1905305342
    604597328
    2182438333
    109206227
    3792948677
    120556748
    2283778010
    1381310383
    628534377
    825177288
    3289877950
    184342710
    2903658183
    1421927474
    30072300
    110777636
    64990608
    343567860
    1212065996
    346101822
    257130309
    360532909
    2184764663
    2257972909
    123360055
    384789853
    4144717696
    317303474
    724646592
    3400880201
    107553466
    3666949522
    454041959
    727503259
    589798141
    4362669257
    128506443
    3081844809
    2325175862
    249057768
    2448062041
    2189135732
    336102847
    2872795786
    2878208575
    4407140722
    92072854
    1488712056
    3364445830
    1181833976
    4149616751
    3046487787
    268879260
    3297292501
    2851126942
    361750918
    2749525254
    84085726
    368896805
    252824298
    458266259
    330995328
    3349946002
    442967801
    3844902553
    2790975411
    2316715678
    955444236
    14460220
    3242121304
    2391636199
    321462288
    260196334
    2613556476
    94900489
    2604068238
    4417858109
    202149129
    2322923437
    3350427713
    2837278931
    246546000
    388520623
    2604162146
    1467408793
    3298395233
    39528509
    294062986
    2272196245
    3287122524
    1248544003
    1898242392
    3305341617
    92485084
    3226435011
    1405620542
    2997627671
    370712682
    542366086
    119702027
    1158018799
    4343539847
    2982943385
    572117297
    1003272426
    2940842824
    810422744
    943321104
    1121668507
    2438592454
    3239482828
    700832917
    76786636
    3901761317
    1667618274
    3389167469
    237236333
    718367888
    2793916223
    1552912393
    3003710985
    1519930118
    116133591
    3013183803
    1827888775
    2282629662
    1134862117
    3303139943
    2762920363
    2228471281
    1646255275
    372371569
    2823494231
    62918066
    183893324
    2953937526
    572118921
    3245049591
    474226704
    2813842546
    2453556907
    382331046
    1389389737
    271590256
    2160865148
    162784911
    483087298
    1708283317
    2856789745
    1601059020
    365006274
    2946334107
    4403095605
    3309485478
    1035656150
    3119346182
    347241140
    3541767857
    6449282
    584575195
    509312297
    611623216
    840436514
    333593363
    2829737267
    16807857
    1738586852
    240744225
    2968730885
    3062082561
    20904855
    3226426499
    3169836482
    2160482735
    962989392
    373419577
    3995750446
    379039402
    4030386315
    2983008148
    2296958135
    548669941
    565898490
    2244230567
    507666960
    270413570
    2997885347
    3197430693
    271032532
    378230993
    4070779713
    1556630984
    97205899
    2486726157
    3370127962
    392009364
    24525905
    2206953942
    1732982630
    1944807396
    51464675
    770282238
    117465987
    4016659455
    345839304
    856731133
    3187122243
    303360561
    861561319
    2252080057
    1532117918
    149104194
    2897346821
    2865548438
    867668570
    1607894954
    218617681
    3349934525
    3426033767
    192852731
    16528347
    206328412
    2353939829
    480692353
    64825482
    40198990
    149895129
    4375350015
    3250577851
    3242014546
    838318609
    2172875209
    2570844205
    587514109
    3334610230
    543818641
    1306958826
    2305378238
    99167160
    445045537
    602492469
    139501890
    546910881
    298454183
    3365591519
    2447823313
    289313287
    55034136
    874803824
    434067914
    584258560
    2798071436
    67292232
    614375664
    368865733
    592506061
    493813700
    1404985117
    14831121
    2195867374
    2991766548
    609052152
    3341839601
    77301429
    2396749657
    3142706770
    2802675235
    245865296
    2976976457
    1348854218
    102033060
    2262629936
    3031541092
    173478931
    145990905
    2972067029
    3733584813
    448204062
    1640135539
    2746769953
    81859065
    77668173
    54874592
    420462584
    383712466
    947159424
    3246662629
    2496363204
    214148948
    2823034401
    1422983948
    869877727
    131879295
    345537934
    2527948063
    579034808
    307438350
    2732216439
    93654184
    379196538
    730633506
    1502276382
    4416569596
    1889319487
    180267455
    436583494
    2216613770
    2749664904
    2986018769
    922888026
    2589366330
    3424707699
    2861480835
    3019799346
    2598553651
    115652539
    3026416490
    2734702540
    1965048566
    16160251
    285285181
    1706941292
    3001397516
    2250886992
    374049683
    1855271425
    2476544206
    1668563058
    1462808030
    16503454
    3116241191
    1243086876
    379067057
    2798511263
    406488903
    297649978
    2846150380
    105111400
    3189846444
    437746797
    224631899
    3063265492
    2906384885
    243231881
    1673544632
    533611028
    535290063
    3335435614
    80244316
    3082023511
    3376955073
    109338794
    2913383445
    3305553106
    842395988
    291378035
    52775726
    288815313
    113044071
    1522914000
    2965695243
    3337592793
    625809096
    1849038218
    87040051
    2558746027
    462304850
    817092385
    239136670
    1601501149
    3353048908
    1676825953
    2826715495
    2302814179
    4382339973
    3622077135
    175757634
    459261396
    513708258
    3912054796
    2851127037
    3070349429
    1731293196
    3236282312
    2233236409
    2730128928
    1364766516
    3606582736
    2866151716
    996056562
    1960964628
    863712415
    521380032
    370016917
    3043811801
    527351383
    15908138
    3295827094
    375263384
    4347836974
    1861356547
    1360538210
    3775926983
    438363786
    1486058042
    2996199479
    1627011882
    540988036
    2983696975
    2992183755
    751623613
    1578676824
    1049036112
    3397579031
    2261431183
    2275731910
    2872050718
    2426972882
    169656375
    2374038865
    1736439236
    283112879
    189183763
    2268673577
    776043230
    1281004392
    296846406
    97961092
    798367320
    124218483
    608025848
    1615190527
    1150825910
    3008797551
    168584351
    2802006262
    2523421513
    225909947
    2963663495
    3429970228
    379961792
    221293962
    1939680127
    724529430
    447869002
    95646328
    304935963
    545816118
    826862137
    3435354545
    4375334789
    2905092267
    2605771315
    2941366869
    606658884
    2570805451
    2929658872
    2258186677
    2441239183
    747519704
    434248146
    1137889903
    184823630
    2858517703
    1418000450
    71348337
    1488555884
    2790472182
    1435576220
    170306710
    894865026
    4235997227
    2771228029
    9373752
    4307793856
    4364424255
    624776167
    983357996
    51409258
    2435519732
    606998335
    3439844415
    3253647049
    416601529
    311502406
    2822474223
    3535220656
    178920261
    327605470
    3376984551
    957440246
    42737135
    258454118
    49819652
    3400359761
    14576749
    2985678796
    2238524793
    169508491
    175058915
    1283075660
    3298387574
    359316828
    3226548821
    3087474554
    4404332979
    2493732320
    617929091
    561586170
    4351023867
    2885410581
    3437250453
    1365056550
    56744384
    2853689218
    313863828
    111686940
    2412408739
    1331813431
    389645665
    2370864792
    2221522125
    2288303909
    3064312755
    2335373408
    123362583
    150279730
    2690303618
    2902941257
    1045719470
    1905002210
    2809782494
    339508698
    460051524
    2265758249
    1260824208
    51058574
    379250270
    3897668848
    408688007
    4074628162
    3301991763
    428159392
    535359461
    846303127
    4407867022
    2688207818
    372822294
    139292752
    79780099
    2508960020
    219429913
    3243568292
    78030410
    356042931
    573915813
    427380142
    1617736459
    972124033
    356137383
    1277866442
    15995401
    624958769
    241133338
    2154740749
    49709165
    218640978
    2765783927
    442233737
    3178177889
    1616094978
    1311211771
    4211636476
    3662992165
    529778644
    2991964137
    205725740
    259724865
    51267531
    3012402041
    436615430
    331695429
    1537251223
    1122360030
    1229958534
    268842088
    365579371
    1213906790
    3040828325
    283127940
    2904173944
    3304492600
    1512112903
    1424760186
    2802004025
    2453081851
    113648761
    416503424
    350385221
    1161168330
    1052331378
    274074474
    3516690794
    2921327044
    171451405
    3416896341
    2385790236
    423689921
    14301547
    192853635
    294620585
    1189638595
    95002105
    1377676296
    4417395928
    373001750
    1920941690
    708333017
    518385532
    463944393
    306346196
    63931876
    1542904362
    2205561340
    897905935
    46092547
    383891331
    1590509114
    1096470493
    2188437442
    595361828
    703694376
    105766528
    581106479
    26250653
    1255405585
    476222417
    2289302877
    25259599
    2900768944
    449676181
    827498611
    2558431892
    1592933863
    108767310
    705361113
    167870120
    343327772
    2791380251
    2409456212
    3004602711
    3044175222
    18394633
    932149033
    4360858336
    3344256412
    123622346
    2999498842
    553013844
    19960509
    2459946584
    1004743879
    2338401067
    2497213374
    2983757661
    130279906
    898488181
    330292344
    2906863757
    748582459
    4361705837
    194300884
    194093553
    2897140861
    1201267758
    1638008856
    3166978908
    3404305673
    1681259611
    1072004971
    2451496100
    2793185444
    484087834
    123361662
    197750893
    4127830816
    240158474
    3859927972
    3138260506
    2286673279
    602215053
    4362766637
    4020628107
    1978738561
    3026720632
    207064192
    1037601732
    2877735197
    2801675511
    3031346114
    27694544
    322270011
    812840382
    920831234
    22899103
    189495297
    192721383
    497669516
    2228967749
    1471393621
    2494224674
    1013014412
    2871037414
    745931066
    4395166522
    623563747
    2873506828
    2948729175
    478654694
    2252369981
    2902950615
    1930555928
    352193269
    4132695083
    2907511235
    3299162859
    364371154
    812065772
    1607697672
    184328970
    337176530
    3677549542
    2984346591
    176235203
    224413888
    465449758
    29816798
    1353681710
    548649808
    278055403
    2847036059
    3418659924
    1196569339
    14271203
    1412704088
    2963912219
    1465705170
    2951095833
    285783857
    2461974052
    216893352
    110955313
    564595075
    3326902801
    314058805
    152242419
    305240274
    393635841
    1322211872
    568915551
    503525163
    2206631649
    4189223663
    2261203976
    149624229
    95261098
    1045520834
    2537832351
    355126479
    992387796
    2984804673
    2407725793
    3990599733
    2968091770
    3387422421
    2842496956
    348462458
    2182888508
    367279583
    3303659351
    1115024989
    610841610
    3290501452
    3393575841
    499200632
    4069094049
    271591061
    57130273
    103550000
    2254965422
    2364908438
    462373700
    1633733820
    356648369
    631131826
    4210498031
    257135676
    86935944
    747880314
    1039977313
    155606020
    2360837226
    3395694484
    569788219
    2903014649
    3456230296
    962956832
    358980018
    2210883218
    162247101
    3411046643
    4328230300
    478602644
    702928807
    379679610
    2502718718
    4108149865
    4063101459
    325189945
    2740329226
    352023677
    3315100402
    375645689
    149830166
    396064254
    3047681860
    2309474348
    3759020717
    1397798425
    854727120
    91835461
    2921055791
    1931256762
    1312726117
    2940744814
    3010596506
    2297432347
    635193880
    1673065783
    3369334972
    586327094
    2487043659
    54833306
    978191953
    490600621
    2913474393
    409493151
    2176872050
    4081717636
    970342280
    582063133
    138133399
    2987250423
    2951154227
    116836261
    2989341472
    2580049509
    294661574
    2217984881
    2922877078
    425118086
    3996560626
    2985846881
    2952330532
    2983046914
    364007421
    2285108372
    2800965375
    1106288106
    3294112163
    2649240325
    112699535
    1120066208
    3119895771
    2345072541
    3376002160
    1578897344
    258216646
    2555445276
    2376415592
    739927105
    913054758
    50719528
    3399882543
    218412872
    788171532
    3026244701
    2265007130
    350356393
    1488001304
    316622219
    753176396
    1169835331
    1101799194
    1175575268
    4151818558
    173849223
    2713213094
    3240323397
    1455004057
    152257292
    433663718
    3642353595
    319514068
    3375409822
    341630020
    2936838726
    157224381
    592300614
    893322272
    225182021
    421083864
    1886293117
    359047121
    361419574
    2619776561
    856721918
    126324987
    997186128
    440360954
    228815344
    3075558840
    4091051962
    2700674609
    340154063
    71658538
    2194458130
    3397092633
    398639790
    611660078
    2985197492
    375645988
    3019286711
    3420574420
    2216522835
    302178243
    912736213
    139359819
    2457072793
    3096890833
    2479090899
    382432742
    308226281
    2326771433
    1666372232
    92157903
    2831550814
    4372917747
    831256940
    818495004
    3881230114
    181274806
    158670834
    493290846
    2961079299
    299188925
    142687107
    1060836277
    2319022787
    110160460
    18805088
    146568544
    556319722
    19183061
    822982368
    3079415603
    2276910142
    306412001
    3207455117
    1580300118
    91697416
    2213847266
    2994201421
    216204307
    2810752020
    188240081
    321339897
    1425671600
    2824871426
    2188136798
    83707560
    3009951561
    48675136
    4358276842
    300974659
    2213962035
    337583315
    3290376885
    515894581
    848785184
    19685142
    2380693632
    364910186
    2827665472
    171527813
    3762400996
    3231878731
    2647501915
    613480539
    968437273
    1522181906
    334777451
    2870872582
    847894219
    1474330142
    3131620325
    859827816
    575236365
    1016319667
    497909056
    3173904749
    3337082345
    2777973663
    2981880863
    270869869
    3549556216
    823997029
    374648526
    114546424
    2821913496
    1169906977
    2879948296
    866003300
    3654841875
    2263180666
    2194858687
    3307679763
    3406509099
    213055725
    89945967
    3406177954
    1855939388
    2555578471
    150004601
    372493801
    324590955
    3429882310
    270874829
    1050733915
    603441943
    398002088
    487674309
    469713730
    3067644485
    1699561165
    171645273
    2721121953
    1288487298
    3599381963
    1415079344
    1884268483
    14721765
    2996523232
    2825245617
    247910015
    260829963
    743444390
    3404309753
    2628755885
    3016756918
    392907509
    212207470
    4372789522
    253277229
    1969431601
    587384800
    228167639
    1218565934
    1568164525
    237203245
    20516052
    3348657891
    52502350
    372183121
    161857211
    2177126699
    4145682372
    3432549617
    2439768858
    4377259395
    267709335
    344386790
    1699656218
    2494724461
    2491101822
    1368116504
    3039999979
    237276186
    119841071
    513395005
    821172690
    3120970364
    3031476107
    2814536006
    350131275
    622685099
    564107298
    2837304759
    2821131209
    158495895
    520938512
    351793134
    473027988
    3129395242
    577245577
    1097303936
    1556110783
    171402355
    242912203
    2367992575
    792167762
    2227787352
    1699801994
    459134601
    1628874948
    3362828445
    15406979
    361796930
    1439617194
    2617045539
    452936368
    2825015501
    2705176445
    352449942
    1154333222
    3314150452
    4181715627
    3391732510
    1861614242
    125623671
    3154745549
    892528238
    3149393201
    3410029617
    2497147053
    508809549
    43970745
    222904008
    2857075512
    450539279
    529314344
    2962860706
    3503217436
    2825702883
    494768918
    255189904
    26491107
    186972818
    106998622
    1105825825
    2380675364
    2877914806
    390172950
    1474355030
    2986038964
    337048267
    374359745
    4242835456
    3347360128
    2591056602
    443984677
    4293010036
    3608549896
    2990077611
    2965839215
    3334610056
    2732634622
    102473034
    3315016317
    405771093
    224852847
    3382829104
    938240960
    720700657
    2767829110
    1087860428
    618471152
    2967621665
    2691714907
    2967918436
    860211769
    3427658872
    2848509286
    1499567084
    2575447739
    2284495564
    4141951287
    363607428
    2797770918
    53769205
    294036393
    3027485610
    224744249
    2514723607
    61163746
    2841813857
    913035486
    2361125767
    2474539577
    290133014
    3096933099
    412540791
    262822908
    2784779869
    2539333094
    312883608
    3172938489
    183377548
    2826618197
    211446157
    2857287438
    303520147
    2822238877
    558698122
    2302166236
    2173593674
    214797732
    2824475339
    3673383855
    2811336128
    17717264
    172302195
    3642999394
    3218046298
    4417554797
    83977287
    473838673
    317950408
    2426655998
    339586335
    3311949796
    864944833
    260900441
    383981109
    2387958313
    2760189447
    1031914501
    3143654051
    2845560969
    3399300207
    2982417045
    465926093
    3906668902
    1008752400
    1243591069
    845945053
    980788172
    2826830586
    750667662
    550125754
    3837854773
    545068771
    4342104437
    2992590562
    559434182
    1449802388
    4372939936
    164081884
    2172656407
    310779400
    2875169244
    2511329610
    2707229850
    113503601
    2945812456
    368001583
    822265154
    20515971
    611815692
    147326489
    4353471153
    2823859434
    54690194
    6149912
    3917430741
    2592025530
    367805491
    16135961
    2216291270
    414625394
    218088133
    367912314
    380243484
    603491700
    2846811647
    4342477875
    3381448570
    2495745852
    1525943131
    493445707
    3354788147
    1007401261
    3217356508
    394279350
    203465830
    509079915
    2262808292
    1433194398
    2780149190
    99751878
    1200310777
    2525002464
    431492489
    1063707181
    1154302147
    473261353
    338626088
    480305250
    99147325
    501071645
    255633047
    9005332
    2532478906
    277130672
    3756049216
    2794911608
    2608467216
    252948557
    553418581
    98442084
    997660328
    823988010
    2988196162
    3064972181
    1516283556
    4418463016
    2222980261
    216970958
    1453950056
    2909592124
    3288504731
    2471942069
    2318707782
    527842362
    354938223
    2388071296
    164754052
    2449734482
    433342468
    3214437525
    543409353
    59965146
    1040225358
    557162227
    2880295546
    2277939422
    7040932
    2763976533
    281226625
    2857662369
    18158155
    550070155
    2844795514
    1275337316
    2263324470
    238944833
    2822250107
    2322447282
    235565194
    55227566
    1604269735
    4341715173
    244181322
    2446766928
    18474277
    170702780
    379225771
    40962226
    2424097271
    1228539198
    4331328869
    321678238
    9035112
    1408069176
    872605093
    3483950655
    324332876
    123907274
    302146144
    965646445
    240433722
    3047015358
    3374454053
    2396011098
    1165941217
    489651148
    4039408341
    294285238
    3310543463
    1210072896
    2478206125
    626888082
    589365638
    416556714
    282452375
    113150285
    20922443
    2986054624
    2215803619
    378051712
    2377678050
    535170941
    1962528247
    4394129903
    3130522013
    4075562369
    3293919441
    2890823865
    4294961657
    1064627414
Cluster 4:
    1146447781
    2721328334
    2961880467
    423754302
    2292811730
Cluster 5:
    2294391362
    92833452
    306334226
    4189497976
    1711123111
    2962702209
    224657640
    321928089
    382663809
    348455394
    1463518832
    2293277439
    446116881
    1262391325
    3315487068
    2941679057
    902395184
    100018000
    3120697311
    2935877807
    2964861405
    526592012
    269910036
    387744956
    2740311512
    2280983584
    113604228
    815587315
    618283068
    2852821955
    1613234442
    2875081509
    173033870
    2721838961
    389078856
    932975768
    167741643
    1625374394
    1734450756
    1022967403
    3064014502
    3177971489
    3347074379
    176768656
    2872594870
    1104498763
    1608223082
    1452635208
    2852439262
    3082274203
    163938790
    1555253347
    2883838355
    524278158
    806410987
    3221278173
    462295094
    3304518382
    1011114235
    2509676766
    179348246
    3231435423
    2384890941
    633700884
    1672907138
    2258830826
    3342796864
    473235276
    1154490709
    419186493
    314165796
    307297350
    3927549485
    88005223
    757067612
    566041252
    286758438
    2847253829
    1362911563
    174260637
    4251502949
    3364045883
    2353826534
    821846563
    470018886
    2570751997
    2595471644
    291854369
    1017721868
    901732453
    161269371
    204501068
    216878067
    275203895
    461236297
    807009151
Cluster 6:
    96224366
Cluster 7:
    995074657
    320253926
    309862833
Cluster 8:
    384225059
Cluster 9:
    438561081
Cluster 10:
    142411622
    594301847
    3307911436
    3368286567
    4321682235
    3177402724
    34662460
    4082015715
    2893376517
    373291545
    4044863477
    2649328909
    2448172273
    1532185088
    3303082966
    3195680063
    391386863
    343229147
    3178129432
    39031080
    3143554780
    608427390
    396996761
    195690637
    3526005021
    219239665
    1939033904
    1651769876
    2781354587
    3892216753
    1334809460
    162308301
    280471834
    3058104460
    3345372021
    3343401329
    3527102560
    4158367995
    186756747
    3843135028
    3244738955
    4177110852
    1100554795
    3178077785
    478636647
    2259383900
    2695595423
    3405541444
    4090635646
    4244219716
    3633765076
    3348119549
    4251282082
    1291790977
    2222867019
    760330159
    2826326098
    4310394935
    272667836
    2424592863
    2799642894
    555120517
    133019291
    3233958464
    3143538520
    1522832174
    4395516051
    1052931745
    4269389175
    3431509966
    3143675164
    734297888
    3142133181
    4249601535
    2174028451
    4109960363
    3337906727
    1409568505
    2845584304
    4113024593
    2874746606
    2225813611
    281004294
    1328488580
    2881821485
    3064788095
    3352582606
    132533609
    349280220
    145357798
    3405513995
    4131332188
    384459402
    120222057
    1296296988
    3141888171
    3349393102
    287912367
    1644773953
    4209266608
    3195685889
    1512854058
Cluster 11:
    269886286
    185377144
    556146056
Cluster 12:
    169166848
Cluster 13:
    406180298
Cluster 14:
    2880935175
    2653406748
    3897637517
    2207196662
    3238375767
    2753257198
    2989893166
    176519711
    2301981294
    283447232
    537296065
    2617520341
    238222108
    635397213
    111071977
    2794486328
    1575704058
    2877274679
    734813461
    400664492
    284152420
    330481671
    733899134
    397476694
    3188523203
    265925132
    2370727285
    331045747
    2936676509
    2573626537
    117061432
    3671325737
    247858581
    2850621228
    278035152
    3102226977
    371416528
    2707509254
    2734458996
    187170407
    301486406
    761274552
    2346474700
    3187851669
    1424764129
    221157213
    2163411465
    3135107667
    315433083
    344274531
    294220022
    2643552825
    356222863
    452338637
    1441859322
    3333070559
    172565535
    2805147013
    1722710198
    2197333520
    2456868696
    3236630076
    2652908219
    2784574717
    886527744
    2694866237
    1553572692
    3300353242
    480558450
    4253254895
    2742811398
    3428193856
    2960293805
    1723708404
    4093987889
    510920308
    2757301606
    370165406
    114992277
    1733116058
    76668556
    2957704266
    2874771882
    3135235163
    2734461155
    2552167609
    1573579699
    544974421
    425340828
    819551294
    172696549
    983214912
    2281130943
    3522730213
    3000174275
    531388148
    807734664
    2163349346
    310720393
    750705506
    383770585
    574523856
    2807447081
    3300360658
    2683756491
    2165293381
